1	2
1	6
1	8
1	18
1	19
1	20
1	22
1	24
1	26
1	27
1	33
1	35
1	41
1	43
1	44
1	45
1	46
1	47
1	68
1	69
1	71
1	72
1	77
1	78
1	100
1	101
1	104
1	117
1	122
1	124
1	125
1	129
1	130
1	144
1	156
1	159
1	161
1	167
1	171
1	174
1	175
1	177
1	178
1	181
1	187
1	194
1	205
1	213
1	227
1	229
1	231
1	236
1	247
1	248
1	256
1	264
1	273
1	278
1	287
1	301
1	315
1	317
1	318
1	330
1	338
1	354
1	368
1	374
1	377
1	379
1	396
1	418
1	435
1	461
1	462
1	473
1	480
1	511
1	522
1	531
1	534
1	536
1	539
1	540
1	544
1	547
1	551
1	563
1	602
1	621
1	626
1	631
1	642
1	663
1	683
1	684
1	687
1	695
1	701
1	709
1	721
1	722
1	723
1	726
1	733
1	745
1	756
1	768
1	779
1	804
1	805
1	832
1	833
1	838
1	842
1	843
1	845
1	850
1	889
1	894
1	902
1	911
1	916
1	920
1	925
1	936
1	944
1	946
1	957
1	961
1	962
1	977
1	1046
1	1058
1	1069
1	1071
1	1073
1	1080
1	1091
1	1092
1	1099
1	1101
1	1109
1	1118
1	1124
1	1153
1	1173
1	1174
1	1177
1	1200
1	1202
1	1203
1	1217
1	1220
1	1239
1	1240
1	1249
1	1287
1	1288
1	1323
1	1349
1	1358
1	1370
1	1378
1	1393
1	1403
1	1406
1	1451
1	1464
1	1472
1	1480
1	1501
1	1513
1	1530
2	3
2	16
2	17
2	22
2	33
2	68
2	104
2	435
2	448
2	547
2	613
2	623
2	740
2	804
2	864
2	888
2	952
2	983
2	1021
2	1173
2	1262
2	1381
2	1420
3	12
3	16
3	19
3	22
3	68
3	171
3	175
3	227
3	296
3	330
3	461
3	480
3	500
3	522
3	547
3	563
3	690
3	782
3	805
3	806
3	889
3	920
3	957
3	1021
3	1069
3	1173
3	1207
3	1368
3	1386
3	1400
3	1406
4	27
4	223
4	244
4	379
4	665
5	126
5	132
5	187
5	200
5	208
5	211
5	585
5	610
5	622
5	841
5	1062
5	1073
5	1148
5	1158
5	1183
5	1245
5	1288
5	1344
5	1382
5	1438
5	1454
5	1479
6	12
6	16
6	19
6	22
6	281
6	296
6	461
6	547
6	957
6	961
6	1069
6	1386
6	1403
6	1406
7	28
7	57
7	58
7	74
7	83
7	85
7	103
7	106
7	128
7	162
7	168
7	169
7	176
7	189
7	222
7	232
7	254
7	261
7	287
7	293
7	325
7	363
7	365
7	381
7	403
7	406
7	420
7	437
7	440
7	449
7	470
7	478
7	488
7	501
7	519
7	521
7	553
7	561
7	583
7	591
7	607
7	609
7	611
7	623
7	641
7	644
7	646
7	657
7	690
7	716
7	722
7	729
7	734
7	753
7	758
7	780
7	785
7	791
7	793
7	831
7	851
7	868
7	870
7	890
7	896
7	901
7	908
7	1023
7	1024
7	1040
7	1041
7	1045
7	1047
7	1066
7	1094
7	1105
7	1113
7	1121
7	1139
7	1140
7	1142
7	1146
7	1147
7	1149
7	1156
7	1160
7	1167
7	1174
7	1191
7	1193
7	1194
7	1208
7	1212
7	1251
7	1253
7	1265
7	1305
7	1327
7	1356
7	1357
7	1358
7	1360
7	1369
7	1370
7	1375
7	1385
7	1402
7	1405
7	1411
7	1422
7	1428
7	1463
7	1473
7	1477
7	1482
7	1494
7	1518
8	12
8	16
8	50
8	100
8	102
8	107
8	123
8	127
8	250
8	276
8	334
8	380
8	427
8	461
8	508
8	648
8	657
8	683
8	685
8	730
8	739
8	807
8	820
8	906
8	920
8	927
8	983
8	991
8	1044
8	1047
8	1119
8	1139
8	1169
8	1192
8	1253
8	1267
8	1325
8	1406
8	1407
8	1409
8	1411
8	1417
8	1423
8	1465
9	28
9	40
9	58
9	66
9	67
9	80
9	93
9	101
9	115
9	126
9	151
9	152
9	154
9	173
9	179
9	215
9	219
9	232
9	238
9	254
9	304
9	306
9	317
9	326
9	340
9	349
9	363
9	365
9	370
9	378
9	384
9	415
9	416
9	459
9	470
9	472
9	488
9	508
9	529
9	530
9	552
9	553
9	560
9	562
9	582
9	587
9	640
9	643
9	644
9	646
9	679
9	690
9	713
9	722
9	724
9	725
9	744
9	758
9	784
9	785
9	811
9	820
9	828
9	863
9	864
9	896
9	956
9	1052
9	1067
9	1090
9	1093
9	1105
9	1158
9	1170
9	1174
9	1193
9	1212
9	1231
9	1251
9	1273
9	1278
9	1305
9	1356
9	1364
9	1369
9	1373
9	1379
9	1402
9	1410
9	1441
9	1482
10	36
10	107
10	244
10	307
10	328
10	435
10	572
10	615
10	670
10	684
10	730
10	731
10	733
10	952
10	1035
10	1154
10	1169
10	1269
10	1465
11	46
11	262
11	276
11	374
11	533
11	711
11	889
11	1315
11	1368
11	1488
12	16
12	19
12	22
12	32
12	68
12	104
12	129
12	144
12	175
12	210
12	296
12	395
12	445
12	446
12	461
12	480
12	522
12	547
12	604
12	673
12	687
12	747
12	761
12	796
12	805
12	840
12	889
12	897
12	931
12	957
12	1025
12	1069
12	1091
12	1097
12	1177
12	1202
12	1368
12	1400
12	1403
12	1406
13	29
13	32
13	38
13	60
13	81
13	102
13	112
13	113
13	136
13	137
13	138
13	139
13	150
13	155
13	156
13	172
13	186
13	197
13	217
13	221
13	232
13	242
13	243
13	246
13	257
13	258
13	260
13	275
13	278
13	289
13	302
13	311
13	312
13	316
13	323
13	350
13	357
13	358
13	362
13	380
13	394
13	397
13	402
13	410
13	423
13	424
13	430
13	451
13	473
13	489
13	497
13	520
13	532
13	565
13	568
13	595
13	642
13	647
13	668
13	672
13	686
13	690
13	719
13	720
13	728
13	787
13	800
13	827
13	835
13	839
13	840
13	852
13	866
13	876
13	881
13	915
13	919
13	944
13	968
13	981
13	987
13	994
13	1007
13	1095
13	1100
13	1103
13	1106
13	1112
13	1152
13	1163
13	1168
13	1199
13	1241
13	1255
13	1258
13	1259
13	1301
13	1310
13	1316
13	1371
13	1372
13	1376
13	1481
13	1485
13	1510
13	1512
13	1516
13	1517
14	27
14	30
14	69
14	110
14	122
14	149
14	179
14	181
14	200
14	225
14	236
14	237
14	301
14	320
14	366
14	478
14	596
14	690
14	691
14	711
14	849
14	851
14	886
14	889
14	902
14	1058
14	1102
14	1157
14	1210
14	1218
14	1232
14	1252
14	1305
14	1313
14	1368
14	1379
14	1384
15	130
15	163
15	213
15	262
15	368
15	500
15	511
15	533
15	711
15	957
15	985
15	1177
15	1220
15	1239
15	1262
15	1272
16	17
16	19
16	22
16	24
16	38
16	45
16	47
16	68
16	129
16	171
16	187
16	194
16	205
16	229
16	231
16	278
16	296
16	445
16	522
16	531
16	740
16	782
16	833
16	1043
16	1287
16	1386
17	51
17	60
17	68
17	85
17	364
17	406
17	448
17	613
17	623
17	658
17	674
17	911
17	939
17	1021
17	1121
17	1381
17	1425
18	34
18	46
18	51
18	74
18	123
18	127
18	131
18	133
18	175
18	210
18	218
18	223
18	345
18	364
18	405
18	495
18	507
18	511
18	526
18	531
18	553
18	569
18	574
18	578
18	606
18	627
18	663
18	710
18	753
18	778
18	781
18	789
18	804
18	811
18	831
18	928
18	991
18	1023
18	1025
18	1091
18	1151
18	1171
18	1215
18	1253
18	1308
18	1311
18	1358
19	41
19	42
19	130
19	171
19	174
19	187
19	205
19	213
19	296
19	330
19	432
19	500
19	563
19	569
19	782
19	802
19	946
19	948
19	983
19	1035
19	1347
19	1349
19	1384
19	1400
20	38
20	67
20	69
20	86
20	88
20	93
20	110
20	139
20	149
20	151
20	166
20	190
20	200
20	226
20	232
20	237
20	242
20	253
20	267
20	285
20	300
20	301
20	315
20	329
20	336
20	360
20	406
20	414
20	473
20	484
20	512
20	560
20	584
20	617
20	625
20	631
20	664
20	689
20	715
20	716
20	833
20	841
20	871
20	878
20	890
20	962
20	985
20	993
20	997
20	1054
20	1075
20	1099
20	1106
20	1114
20	1123
20	1150
20	1166
20	1198
20	1203
20	1206
20	1219
20	1258
20	1308
20	1313
20	1315
20	1353
20	1360
20	1378
20	1379
20	1395
20	1418
20	1471
20	1474
20	1498
20	1516
21	26
21	83
21	85
21	95
21	102
21	107
21	110
21	117
21	151
21	156
21	174
21	177
21	189
21	217
21	285
21	362
21	403
21	406
21	416
21	437
21	526
21	529
21	593
21	594
21	690
21	713
21	758
21	785
21	832
21	833
21	863
21	932
21	977
21	983
21	1012
21	1044
21	1122
21	1162
21	1202
21	1231
21	1241
21	1317
21	1438
22	35
22	77
22	194
22	264
22	270
22	522
22	547
22	550
22	602
22	673
22	847
22	1025
22	1091
22	1173
22	1403
22	1513
23	39
23	44
23	63
23	72
23	75
23	114
23	135
23	155
23	179
23	184
23	197
23	214
23	243
23	288
23	343
23	348
23	419
23	436
23	449
23	505
23	533
23	537
23	571
23	628
23	659
23	678
23	720
23	760
23	771
23	787
23	866
23	895
23	935
23	938
23	955
23	1007
23	1100
23	1103
23	1203
23	1237
23	1238
23	1256
23	1260
23	1274
23	1303
23	1312
23	1328
23	1333
23	1372
23	1378
23	1415
23	1485
24	96
24	144
24	391
24	674
24	745
24	774
24	804
24	807
24	887
24	1017
24	1018
24	1111
24	1117
24	1173
24	1248
24	1355
24	1363
24	1492
25	61
25	216
25	269
25	389
25	481
25	1361
26	33
26	67
26	83
26	102
26	107
26	117
26	144
26	156
26	177
26	179
26	217
26	231
26	271
26	278
26	461
26	529
26	539
26	540
26	594
26	711
26	785
26	833
26	844
26	863
26	932
26	962
26	977
26	983
26	1095
26	1123
26	1207
26	1389
26	1406
26	1525
27	30
27	31
27	32
27	35
27	49
27	62
27	84
27	110
27	136
27	151
27	156
27	174
27	186
27	243
27	268
27	320
27	414
27	472
27	475
27	602
27	794
27	803
27	1063
27	1107
27	1162
27	1364
28	34
28	40
28	58
28	65
28	66
28	101
28	115
28	120
28	145
28	152
28	157
28	173
28	193
28	201
28	223
28	238
28	241
28	249
28	284
28	285
28	297
28	317
28	326
28	340
28	363
28	379
28	427
28	447
28	459
28	487
28	490
28	508
28	552
28	560
28	587
28	588
28	591
28	596
28	643
28	644
28	679
28	713
28	722
28	784
28	785
28	892
28	921
28	956
28	965
28	1009
28	1052
28	1139
28	1156
28	1158
28	1170
28	1231
28	1239
28	1273
28	1305
28	1384
29	75
29	97
29	122
29	128
29	149
29	155
29	166
29	191
29	246
29	275
29	289
29	370
29	376
29	414
29	458
29	510
29	523
29	598
29	628
29	665
29	678
29	760
29	890
29	898
29	944
29	1233
29	1301
29	1372
29	1391
29	1493
29	1512
30	37
30	110
30	149
30	157
30	181
30	200
30	227
30	236
30	320
30	459
30	499
30	596
30	690
30	851
30	886
30	889
30	899
30	902
30	1052
30	1212
31	38
31	77
31	130
31	161
31	256
31	278
31	368
31	671
31	723
31	833
31	927
31	1246
31	1346
32	42
32	44
32	53
32	59
32	63
32	70
32	72
32	135
32	136
32	150
32	214
32	224
32	235
32	260
32	309
32	343
32	376
32	452
32	505
32	535
32	537
32	541
32	547
32	558
32	565
32	571
32	628
32	678
32	827
32	866
32	898
32	1197
32	1399
32	1485
33	35
33	102
33	117
33	156
33	162
33	177
33	217
33	246
33	461
33	594
33	647
33	663
33	690
33	753
33	758
33	863
33	977
33	983
33	1013
33	1123
33	1162
33	1205
33	1207
33	1217
33	1406
33	1525
34	45
34	51
34	58
34	115
34	123
34	131
34	345
34	405
34	507
34	508
34	578
34	606
34	682
34	731
34	781
34	869
34	873
34	905
34	1171
34	1311
34	1358
34	1381
34	1467
35	102
35	194
35	489
35	522
35	547
35	673
35	924
35	1064
35	1235
36	283
36	328
36	366
36	411
36	422
36	467
36	481
36	492
36	507
36	559
36	564
36	589
36	626
36	656
36	730
36	759
36	926
36	960
36	1021
36	1055
36	1115
36	1213
36	1308
36	1384
37	107
37	121
37	268
37	828
37	974
38	45
38	62
38	102
38	174
38	315
38	489
38	647
38	781
38	1199
38	1236
38	1241
39	59
39	63
39	84
39	136
39	265
39	277
39	311
39	348
39	387
39	547
39	720
39	734
39	771
39	787
39	809
39	826
39	935
39	987
39	1007
39	1100
39	1203
39	1333
39	1372
39	1378
39	1415
40	65
40	66
40	67
40	115
40	152
40	285
40	287
40	317
40	340
40	370
40	378
40	415
40	487
40	508
40	529
40	570
40	587
40	593
40	641
40	643
40	679
40	718
40	828
40	853
40	864
40	889
40	951
40	965
40	982
40	1009
40	1052
40	1105
40	1142
40	1170
40	1195
40	1234
40	1263
40	1305
40	1408
40	1411
40	1427
40	1475
40	1482
41	71
41	94
41	158
41	161
41	207
41	211
41	240
41	252
41	273
41	339
41	383
41	393
41	442
41	446
41	518
41	569
41	602
41	637
41	670
41	739
41	753
41	782
41	792
41	801
41	842
41	927
41	977
41	1097
41	1224
41	1252
41	1271
42	52
42	53
42	62
42	73
42	81
42	112
42	137
42	142
42	147
42	148
42	156
42	174
42	178
42	182
42	197
42	282
42	324
42	344
42	450
42	474
42	524
42	525
42	569
42	638
42	675
42	681
42	719
42	720
42	755
42	777
42	787
42	909
42	917
42	1029
42	1063
42	1068
42	1084
42	1168
42	1317
42	1352
43	49
43	53
43	139
43	160
43	286
43	320
43	406
43	414
43	505
43	583
43	672
43	674
43	694
43	851
43	874
43	875
43	890
43	1023
43	1301
43	1482
43	1484
43	1496
44	138
44	155
44	217
44	221
44	271
44	275
44	358
44	360
44	406
44	497
44	520
44	736
44	866
44	961
44	1069
44	1371
45	74
45	86
45	133
45	175
45	223
45	253
45	278
45	435
45	507
45	526
45	536
45	606
45	723
45	782
45	948
45	1025
45	1079
45	1091
45	1215
46	231
46	278
46	333
46	957
46	1164
47	957
48	53
48	54
48	137
48	142
48	237
48	382
48	414
48	450
48	482
48	675
48	874
48	893
48	1011
48	1380
48	1437
49	53
49	55
49	78
49	79
49	91
49	96
49	148
49	160
49	164
49	191
49	196
49	220
49	230
49	242
49	286
49	305
49	312
49	317
49	320
49	372
49	398
49	401
49	406
49	444
49	501
49	567
49	569
49	580
49	621
49	631
49	702
49	706
49	736
49	737
49	741
49	851
49	857
49	899
49	913
49	919
49	943
49	970
49	1034
49	1087
49	1131
49	1261
49	1301
49	1304
49	1421
49	1484
49	1496
50	68
50	250
50	276
50	327
50	694
50	726
50	807
50	961
50	1123
50	1200
50	1240
50	1465
51	115
51	364
51	472
51	658
51	781
51	1021
51	1201
51	1381
52	95
52	178
52	182
52	681
53	54
53	102
53	112
53	114
53	121
53	137
53	140
53	160
53	183
53	220
53	251
53	382
53	450
53	675
53	688
53	874
53	899
53	1104
53	1168
53	1267
53	1270
53	1320
53	1380
54	140
54	183
54	472
54	485
54	675
54	689
54	974
54	1107
54	1267
54	1270
54	1356
54	1473
55	67
55	69
55	72
55	91
55	139
55	150
55	168
55	192
55	201
55	202
55	237
55	315
55	414
55	421
55	442
55	643
55	690
55	692
55	742
55	756
55	925
55	1056
55	1235
55	1241
55	1316
55	1338
55	1421
55	1489
55	1497
56	128
56	166
56	271
56	387
56	599
56	690
56	694
56	715
56	758
56	780
56	1069
56	1218
56	1321
56	1411
56	1431
56	1468
57	85
57	397
57	432
57	1367
58	65
58	93
58	115
58	126
58	153
58	193
58	238
58	254
58	285
58	321
58	326
58	363
58	364
58	365
58	416
58	427
58	438
58	481
58	530
58	610
58	641
58	758
58	822
58	824
58	825
58	892
58	960
58	1012
58	1021
58	1023
58	1045
58	1108
58	1140
58	1166
58	1193
58	1230
58	1250
58	1308
58	1311
58	1358
58	1384
58	1402
58	1418
59	81
59	135
59	142
59	147
59	150
59	155
59	188
59	197
59	220
59	221
59	224
59	260
59	311
59	322
59	324
59	350
59	390
59	497
59	547
59	601
59	616
59	634
59	720
59	787
59	839
59	987
59	1199
59	1241
59	1258
59	1259
59	1371
59	1481
59	1489
59	1516
59	1517
60	91
60	102
60	265
60	275
60	277
60	289
60	320
60	411
60	436
60	523
60	549
60	558
60	595
60	672
60	678
60	846
60	851
60	885
60	1034
60	1145
60	1197
60	1254
60	1278
60	1305
60	1496
61	94
61	123
61	171
61	181
61	211
61	225
61	227
61	239
61	247
61	252
61	273
61	342
61	345
61	360
61	409
61	442
61	483
61	594
61	604
61	610
61	614
61	615
61	664
61	708
61	709
61	797
61	841
61	908
61	914
61	939
61	942
61	959
61	1074
61	1081
61	1130
61	1214
61	1224
61	1325
61	1393
61	1452
61	1521
62	81
62	102
62	147
62	156
62	172
62	174
62	188
62	217
62	230
62	237
62	243
62	271
62	324
62	358
62	372
62	394
62	397
62	401
62	406
62	410
62	430
62	451
62	452
62	459
62	474
62	525
62	593
62	594
62	601
62	618
62	647
62	690
62	773
62	777
62	787
62	814
62	827
62	835
62	863
62	871
62	919
62	968
62	981
62	987
62	1008
62	1011
62	1099
62	1103
62	1110
62	1166
62	1210
62	1231
62	1242
62	1259
62	1316
62	1371
62	1481
62	1510
62	1517
62	1540
63	135
63	235
63	294
63	343
63	419
63	505
63	516
63	537
63	571
64	149
65	66
65	67
65	80
65	101
65	173
65	237
65	284
65	285
65	297
65	351
65	356
65	363
65	365
65	415
65	416
65	459
65	470
65	508
65	530
65	550
65	552
65	560
65	570
65	583
65	641
65	679
65	729
65	758
65	890
65	892
65	896
65	951
65	965
65	1009
65	1012
65	1052
65	1053
65	1108
65	1307
65	1358
65	1373
66	115
66	152
66	168
66	223
66	297
66	340
66	416
66	487
66	593
66	679
66	795
66	965
66	1009
66	1105
66	1375
66	1384
66	1424
66	1475
66	1482
67	74
67	118
67	126
67	128
67	139
67	166
67	173
67	179
67	271
67	297
67	336
67	363
67	438
67	455
67	550
67	560
67	607
67	722
67	758
67	885
67	1016
67	1069
67	1098
67	1155
67	1193
67	1298
67	1308
67	1321
67	1338
67	1370
67	1402
67	1431
67	1482
68	556
68	726
68	740
68	936
68	983
68	1240
68	1522
69	72
69	86
69	149
69	201
69	237
69	267
69	315
69	318
69	322
69	414
69	452
69	473
69	584
69	716
69	732
69	742
69	765
69	855
69	871
69	1054
69	1099
69	1114
69	1123
69	1150
69	1157
69	1258
69	1379
69	1411
69	1471
69	1498
69	1516
70	78
70	84
70	91
70	97
70	172
70	230
70	242
70	380
70	523
70	595
70	628
70	646
70	851
70	907
70	1197
70	1235
70	1242
70	1305
70	1310
70	1376
70	1398
71	383
71	393
71	446
71	472
71	518
71	531
71	586
71	643
71	757
71	792
71	927
71	932
71	977
71	1047
71	1097
71	1201
71	1252
72	139
72	150
72	201
72	202
72	237
72	396
72	1056
72	1203
72	1338
72	1378
72	1421
73	132
73	163
73	195
73	266
73	329
73	332
73	378
73	455
73	502
73	630
73	795
73	1115
73	1381
73	1524
74	115
74	166
74	167
74	218
74	325
74	363
74	365
74	381
74	384
74	426
74	438
74	478
74	553
74	607
74	609
74	610
74	623
74	778
74	780
74	870
74	960
74	1016
74	1023
74	1041
74	1139
74	1297
74	1308
74	1355
74	1358
74	1428
74	1430
74	1477
75	197
75	237
75	286
75	535
75	760
75	848
75	935
75	1112
75	1268
76	100
76	131
76	157
76	303
76	428
76	499
76	931
76	954
76	964
76	1206
76	1375
76	1414
76	1467
77	229
77	563
77	602
78	91
78	97
78	141
78	162
78	172
78	279
78	320
78	398
78	401
78	406
78	423
78	450
78	471
78	473
78	496
78	501
78	538
78	672
78	703
78	851
78	919
78	974
78	1197
78	1233
78	1421
78	1484
79	88
79	99
79	108
79	215
79	247
79	325
79	342
79	392
79	405
79	408
79	409
79	614
79	629
79	662
79	664
79	746
79	749
79	869
79	928
79	1015
79	1216
79	1331
79	1424
80	196
80	365
80	711
80	1098
80	1430
81	86
81	102
81	113
81	139
81	155
81	174
81	217
81	232
81	237
81	246
81	253
81	271
81	274
81	275
81	277
81	311
81	324
81	358
81	372
81	401
81	406
81	489
81	497
81	593
81	618
81	647
81	714
81	773
81	827
81	852
81	855
81	919
81	987
81	1007
81	1011
81	1103
81	1112
81	1255
81	1259
81	1371
81	1481
81	1517
82	114
82	143
82	185
82	242
82	360
82	370
82	468
82	595
82	642
82	740
82	1496
83	151
83	189
83	325
83	362
83	403
83	437
83	519
83	529
83	594
83	722
83	747
83	753
83	780
83	785
83	1210
83	1355
83	1428
83	1438
83	1473
83	1482
84	87
84	103
84	112
84	114
84	136
84	149
84	174
84	186
84	188
84	232
84	243
84	246
84	380
84	411
84	426
84	430
84	454
84	478
84	497
84	565
84	690
84	787
84	839
84	870
84	885
84	922
84	1008
84	1051
84	1197
84	1237
84	1259
84	1310
84	1321
84	1371
84	1430
84	1431
84	1493
84	1517
85	99
85	122
85	300
85	360
85	600
85	888
86	110
86	226
86	237
86	253
86	267
86	285
86	301
86	324
86	327
86	360
86	397
86	428
86	452
86	469
86	483
86	484
86	494
86	512
86	525
86	618
86	620
86	621
86	634
86	672
86	708
86	738
86	833
86	962
86	967
86	1011
86	1035
86	1054
86	1082
86	1085
86	1099
86	1114
86	1203
86	1210
86	1232
86	1291
86	1378
86	1458
87	974
87	987
87	1254
88	99
88	173
88	325
88	346
88	351
88	356
88	374
88	392
88	405
88	533
88	607
88	629
88	653
88	746
88	749
88	768
88	867
88	896
88	1102
88	1216
88	1428
89	585
90	105
90	187
90	282
90	513
90	536
90	987
91	102
91	121
91	141
91	148
91	165
91	191
91	206
91	220
91	242
91	312
91	350
91	372
91	401
91	471
91	496
91	501
91	538
91	558
91	642
91	656
91	756
91	851
91	858
91	975
91	1050
91	1112
91	1197
91	1203
91	1233
91	1301
91	1304
91	1314
91	1376
91	1378
91	1398
91	1441
91	1525
92	317
92	587
92	783
92	853
92	966
92	1158
93	110
93	317
93	321
93	336
93	399
93	559
93	682
93	1128
93	1158
93	1232
93	1384
94	181
94	200
94	211
94	252
94	273
94	342
94	345
94	361
94	413
94	442
94	483
94	494
94	631
94	707
94	708
94	709
94	723
94	751
94	776
94	797
94	801
94	818
94	842
94	882
94	884
94	933
94	1021
94	1075
94	1081
94	1083
94	1132
94	1183
94	1184
94	1214
94	1296
94	1325
94	1349
94	1393
94	1394
95	107
95	142
95	359
95	468
95	487
95	489
95	1064
96	283
96	339
97	165
97	172
97	242
97	302
97	312
97	350
97	380
97	401
97	406
97	471
97	503
97	544
97	891
97	919
97	974
97	975
97	1008
97	1197
97	1254
97	1304
97	1376
97	1398
97	1421
97	1435
98	114
98	434
98	756
99	105
99	108
99	234
99	259
99	300
99	726
99	847
99	1023
100	1488
100	1530
101	157
101	173
101	176
101	351
101	356
101	392
101	547
101	584
101	690
101	711
101	921
101	976
101	1040
101	1364
101	1428
101	1501
102	122
102	147
102	151
102	158
102	174
102	197
102	217
102	243
102	246
102	311
102	322
102	337
102	347
102	357
102	358
102	394
102	525
102	539
102	540
102	576
102	577
102	581
102	601
102	618
102	648
102	755
102	773
102	827
102	844
102	850
102	851
102	968
102	987
102	1008
102	1095
102	1199
102	1313
102	1365
102	1371
102	1429
102	1481
103	128
103	149
103	164
103	168
103	169
103	176
103	222
103	346
103	403
103	420
103	583
103	607
103	641
103	718
103	729
103	870
103	890
103	978
103	1009
103	1094
103	1160
103	1161
103	1197
103	1305
103	1355
103	1356
103	1358
103	1408
103	1430
103	1482
104	144
104	264
104	461
104	522
104	613
104	1406
105	282
105	476
105	485
105	860
105	950
105	1046
105	1346
106	266
106	403
106	420
106	426
106	501
106	521
106	553
106	657
106	793
106	1063
106	1170
106	1430
107	110
107	156
107	177
107	240
107	287
107	429
107	524
107	635
107	636
107	1107
107	1241
108	171
108	215
108	252
108	392
108	405
108	447
108	653
108	662
108	664
108	746
108	788
108	928
108	963
108	979
108	984
108	1015
108	1036
109	575
109	767
109	836
109	1178
109	1277
109	1281
109	1284
109	1501
110	117
110	121
110	122
110	149
110	151
110	177
110	267
110	285
110	397
110	437
110	494
110	559
110	584
110	634
110	645
110	647
110	822
110	871
110	962
110	1054
110	1099
110	1114
110	1123
110	1162
110	1166
110	1170
110	1258
110	1263
110	1291
110	1308
110	1379
110	1498
110	1516
111	163
111	284
111	1063
111	1111
111	1173
112	136
112	155
112	188
112	221
112	224
112	271
112	316
112	323
112	402
112	459
112	497
112	520
112	523
112	601
112	642
112	690
112	839
112	919
112	990
112	1199
112	1203
112	1241
112	1255
112	1259
112	1371
112	1378
112	1517
113	138
113	143
113	155
113	215
113	221
113	232
113	233
113	258
113	274
113	275
113	302
113	311
113	323
113	414
113	451
113	624
113	826
113	854
113	915
113	919
113	987
113	1008
113	1106
113	1112
113	1197
113	1255
113	1301
113	1321
113	1371
113	1376
113	1431
113	1435
113	1481
113	1493
114	140
114	178
114	202
114	233
114	271
114	450
114	496
114	558
114	575
114	728
114	816
114	907
114	1237
115	215
115	218
115	238
115	317
115	326
115	363
115	364
115	365
115	384
115	507
115	508
115	530
115	553
115	559
115	562
115	591
115	792
115	825
115	831
115	892
115	905
115	1273
115	1308
115	1311
116	572
117	151
117	177
117	208
117	236
117	240
117	247
117	278
117	329
117	420
117	446
117	455
117	529
117	540
117	594
117	753
117	800
117	863
117	899
117	977
117	1044
117	1097
117	1113
117	1118
117	1242
117	1244
117	1482
117	1523
118	128
118	201
118	348
118	386
118	419
118	421
118	442
118	571
118	674
118	742
118	758
118	780
118	895
118	975
118	1069
118	1122
118	1333
118	1415
119	888
119	1249
119	1504
120	145
120	285
120	340
120	487
120	490
120	529
120	559
120	587
120	641
120	784
120	822
120	853
120	890
120	921
120	982
120	1040
120	1273
120	1379
120	1418
120	1441
120	1524
121	143
121	185
121	242
121	316
121	367
121	431
121	642
121	646
121	809
121	851
121	974
122	158
122	192
122	255
122	335
122	360
122	465
122	542
122	582
122	593
122	600
122	602
122	647
122	747
122	768
122	795
122	946
122	978
122	1114
122	1118
122	1142
122	1206
122	1212
122	1305
123	127
123	131
123	178
123	247
123	342
123	405
123	409
123	479
123	507
123	574
123	610
123	614
123	627
123	778
123	908
123	979
123	991
123	1026
123	1171
123	1214
123	1319
123	1331
123	1381
123	1414
123	1443
124	159
124	187
124	411
124	421
124	465
124	540
124	663
124	936
124	945
124	1031
124	1073
124	1454
125	745
125	823
125	896
125	1107
125	1138
126	151
126	167
126	179
126	212
126	284
126	285
126	287
126	321
126	325
126	353
126	365
126	399
126	438
126	454
126	455
126	487
126	550
126	587
126	588
126	965
126	1338
126	1359
126	1474
126	1482
127	175
127	247
127	276
127	342
127	345
127	531
127	553
127	627
127	729
127	753
127	1151
127	1171
127	1253
127	1331
127	1414
128	179
128	262
128	363
128	384
128	657
128	690
128	715
128	758
128	780
128	890
128	975
128	1066
128	1098
128	1128
128	1156
128	1411
129	194
129	209
129	210
129	264
129	805
129	825
129	893
129	1036
129	1037
129	1140
129	1246
129	1400
130	231
130	278
130	432
130	553
130	616
130	1045
130	1520
131	269
131	303
131	831
131	954
131	1089
131	1141
131	1358
131	1362
131	1414
131	1467
132	208
132	210
132	211
132	291
132	306
132	433
132	479
132	574
132	622
132	630
132	685
132	708
132	739
132	815
132	880
132	947
132	1026
132	1062
132	1125
132	1229
132	1324
132	1343
133	225
133	494
133	507
133	699
134	135
134	235
134	728
134	848
135	260
135	319
135	343
135	419
135	505
135	537
135	571
135	628
135	854
135	938
135	1274
136	137
136	224
136	277
136	279
136	309
136	322
136	434
136	541
136	544
136	577
136	625
136	728
136	756
136	925
136	967
136	1015
136	1112
136	1371
136	1489
137	140
137	148
137	178
137	182
137	197
137	243
137	251
137	271
137	275
137	279
137	311
137	322
137	344
137	380
137	401
137	451
137	497
137	520
137	566
137	568
137	787
137	839
137	874
137	919
137	1027
137	1168
138	150
138	155
138	191
138	221
138	258
138	260
138	271
138	497
138	861
138	1011
138	1095
138	1235
139	141
139	155
139	202
139	221
139	323
139	523
139	625
139	1011
139	1095
139	1170
139	1235
139	1302
140	277
140	406
140	974
140	1269
141	148
141	172
141	191
141	230
141	277
141	289
141	372
141	401
141	427
141	450
141	523
141	558
141	734
141	827
141	919
141	1008
141	1061
141	1233
141	1241
141	1301
141	1304
141	1321
141	1423
141	1431
142	147
142	148
142	182
142	197
142	251
142	258
142	566
142	675
142	755
142	874
142	919
142	1168
142	1270
142	1286
142	1352
142	1366
143	151
143	258
143	367
143	439
143	1048
143	1193
143	1298
143	1402
144	171
144	216
144	360
144	461
144	480
144	522
144	957
145	193
145	238
145	363
145	548
145	784
145	926
145	1009
145	1158
145	1232
145	1311
145	1418
145	1502
146	172
146	184
146	232
146	401
146	595
146	646
146	1152
146	1193
146	1199
146	1254
146	1301
146	1355
146	1402
146	1493
147	197
147	217
147	347
147	394
147	397
147	520
147	675
147	987
147	1057
147	1168
147	1255
147	1313
148	155
148	172
148	188
148	246
148	272
148	320
148	350
148	372
148	398
148	401
148	471
148	524
148	568
148	672
148	686
148	851
148	975
148	1267
148	1301
149	164
149	267
149	484
149	603
149	634
149	851
149	855
149	870
149	962
149	1114
149	1123
149	1174
149	1430
149	1496
150	201
150	302
150	309
150	315
150	401
151	174
151	177
151	285
151	326
151	335
151	362
151	437
151	529
151	594
151	690
151	753
151	785
151	863
151	1162
151	1202
151	1373
151	1495
152	489
152	665
152	828
153	269
153	363
153	364
153	365
153	416
153	425
153	427
153	438
153	481
153	526
153	610
153	714
153	715
153	792
153	822
153	892
153	960
153	979
153	986
153	1012
153	1021
153	1023
153	1045
153	1108
153	1156
153	1242
153	1250
153	1308
153	1358
153	1497
154	463
154	550
154	823
154	896
155	172
155	224
155	242
155	246
155	257
155	271
155	275
155	302
155	309
155	311
155	312
155	323
155	362
155	424
155	473
155	541
155	565
155	618
155	624
155	827
155	840
155	881
155	987
155	1011
155	1095
155	1235
155	1241
155	1255
155	1259
155	1481
155	1517
156	177
156	243
156	525
156	863
156	977
156	983
156	1116
156	1162
156	1198
157	196
157	349
157	404
157	508
157	530
157	550
157	744
157	765
157	1016
157	1093
157	1105
157	1242
157	1523
158	192
158	307
158	595
158	605
158	768
158	795
158	946
158	1454
159	173
160	172
160	347
160	672
160	814
160	1233
160	1301
160	1496
161	569
161	670
161	916
161	1035
161	1224
161	1351
162	164
162	222
162	329
162	455
162	711
162	795
162	870
162	899
162	1099
162	1142
162	1174
162	1360
163	181
163	1063
163	1105
163	1173
163	1181
164	168
164	346
164	406
164	411
164	734
164	741
164	851
164	870
164	899
164	1050
164	1343
164	1360
165	206
165	689
165	754
165	755
165	924
165	1050
166	179
166	327
166	363
166	657
166	711
166	729
166	780
166	890
166	1049
166	1066
166	1098
166	1156
166	1252
166	1411
166	1468
167	179
167	200
167	208
167	328
167	332
167	501
167	693
167	815
167	866
167	945
167	969
167	1308
167	1358
167	1474
167	1504
168	192
168	193
168	237
168	321
168	346
168	414
168	501
168	657
168	679
168	716
168	718
168	734
168	780
168	899
168	978
168	1050
168	1141
168	1147
168	1160
168	1482
169	185
169	851
169	974
170	179
170	189
170	203
170	249
170	415
170	462
170	467
170	519
170	570
170	644
170	1408
170	1430
171	262
171	351
171	374
171	392
171	607
171	625
171	653
171	711
171	788
171	920
171	976
171	1054
171	1102
171	1161
171	1243
171	1315
171	1321
171	1400
171	1431
171	1472
171	1501
172	220
172	232
172	275
172	320
172	401
172	471
172	503
172	523
172	532
172	595
172	672
172	851
172	919
172	1152
172	1233
172	1254
172	1270
172	1299
172	1301
172	1304
172	1310
172	1355
172	1376
172	1398
172	1421
173	193
173	241
173	325
173	351
173	356
173	365
173	392
173	426
173	447
173	550
173	570
173	607
173	679
173	711
173	725
173	870
173	921
173	976
173	1102
173	1129
173	1161
173	1297
173	1307
173	1379
173	1428
173	1430
173	1523
174	177
174	188
174	192
174	217
174	237
174	245
174	406
174	430
174	474
174	594
174	647
174	795
174	962
174	987
174	1011
174	1162
174	1316
174	1430
174	1510
175	262
175	507
175	511
175	627
175	663
175	789
175	811
175	838
176	261
176	325
176	426
176	454
176	983
176	1051
176	1321
176	1430
176	1431
177	246
177	285
177	329
177	350
177	420
177	426
177	455
177	529
177	540
177	594
177	608
177	747
177	753
177	800
177	863
177	899
177	952
177	977
177	1113
177	1207
177	1242
177	1430
177	1473
177	1482
178	182
178	188
178	537
178	681
178	909
178	917
178	988
178	1292
178	1317
179	363
179	365
179	622
179	715
179	736
179	965
179	1482
180	432
180	453
180	856
180	1236
180	1520
181	252
181	273
181	366
181	442
181	483
181	707
181	708
181	709
181	751
181	842
181	1033
181	1083
181	1124
181	1224
182	185
182	197
182	217
182	482
182	568
182	675
182	681
182	733
182	787
182	884
182	1134
182	1168
182	1292
182	1317
183	435
183	974
183	1005
184	535
184	590
184	848
184	1163
185	364
185	367
185	552
185	851
185	974
185	1040
186	197
186	221
186	289
186	311
186	350
186	358
186	380
186	394
186	647
186	720
186	787
186	826
186	827
186	891
186	919
186	944
186	981
186	1203
186	1211
186	1241
186	1320
186	1378
186	1481
187	198
187	208
187	211
187	248
187	432
187	465
187	513
187	560
187	815
187	992
187	1497
188	217
188	237
188	243
188	271
188	275
188	324
188	350
188	358
188	401
188	410
188	430
188	452
188	474
188	498
188	524
188	525
188	594
188	601
188	773
188	825
188	839
188	863
188	881
188	981
188	987
188	1011
188	1114
188	1166
188	1259
188	1371
188	1510
188	1517
189	203
189	249
189	298
189	403
189	420
189	464
189	519
189	521
189	570
189	716
189	921
189	978
189	1009
189	1231
189	1307
189	1405
189	1497
190	192
190	201
190	867
190	988
190	1321
190	1431
191	227
191	265
191	320
191	401
191	406
191	410
191	450
191	672
191	851
191	1301
191	1493
192	329
192	455
192	465
192	582
192	795
192	1046
192	1160
192	1193
192	1211
192	1402
192	1437
192	1482
193	321
193	438
193	470
193	487
193	530
193	559
193	641
193	679
193	718
193	722
193	753
193	758
193	864
193	899
193	978
193	1040
193	1118
193	1195
193	1231
193	1232
193	1297
193	1418
194	1247
195	730
196	372
196	851
196	1233
196	1304
196	1369
197	474
197	497
197	520
197	675
197	720
197	787
197	1163
197	1238
197	1241
197	1259
197	1352
197	1517
198	368
198	575
198	767
198	836
198	910
198	1069
198	1177
198	1178
198	1220
198	1274
198	1277
198	1281
198	1284
198	1334
199	265
199	380
200	208
200	211
200	225
200	247
200	252
200	342
200	345
200	483
200	707
200	739
200	776
200	818
200	841
200	933
200	1033
200	1545
201	202
201	237
201	315
201	692
201	742
201	1068
201	1368
202	233
202	258
202	315
202	346
202	625
202	893
202	1102
202	1355
202	1421
203	249
203	304
203	321
203	415
203	519
203	570
203	725
203	921
203	1307
203	1408
204	639
204	689
204	690
204	754
204	803
204	923
204	953
204	1051
204	1098
204	1205
204	1241
204	1337
204	1514
205	213
205	397
205	432
205	453
205	461
205	1520
206	263
206	347
206	471
206	496
206	504
206	517
206	546
206	642
206	656
206	756
206	924
206	1112
206	1190
207	393
207	518
207	761
207	927
207	932
207	1106
207	1215
208	211
208	291
208	610
208	622
208	790
208	1165
209	245
209	261
209	264
209	704
209	839
209	1063
210	291
210	467
210	495
210	574
210	630
210	733
210	1026
210	1035
210	1458
211	291
211	433
211	483
211	542
211	622
211	739
211	776
211	818
211	883
211	1062
211	1125
211	1131
211	1132
211	1183
211	1296
211	1344
211	1548
212	261
212	630
212	1005
212	1062
212	1094
212	1142
212	1165
212	1301
212	1399
212	1488
213	278
213	432
213	946
214	498
214	549
214	848
214	1372
215	232
215	258
215	392
215	439
215	849
215	898
215	978
215	1040
215	1299
215	1404
216	269
216	389
216	444
216	481
216	515
216	664
216	1285
217	243
217	257
217	473
217	577
217	1095
218	225
218	364
218	365
218	384
218	553
218	580
218	606
218	631
218	657
218	729
218	778
218	785
218	831
218	1041
218	1066
218	1167
218	1308
218	1355
218	1358
218	1477
219	472
220	450
220	544
220	642
220	672
220	851
220	922
220	974
220	975
220	1233
220	1304
220	1310
220	1376
220	1493
221	271
221	275
221	277
221	289
221	311
221	323
221	497
221	520
221	565
221	714
221	827
221	1007
221	1241
221	1255
221	1481
222	286
222	403
222	417
222	426
222	519
222	864
222	1094
222	1239
222	1363
222	1368
222	1430
223	384
223	811
223	866
223	1142
223	1215
224	257
224	898
224	1059
224	1493
225	252
225	273
225	345
225	425
225	483
225	705
225	707
225	796
225	824
225	841
225	908
225	1036
225	1081
225	1191
225	1227
225	1288
225	1384
225	1499
225	1521
226	237
226	253
226	267
226	301
226	428
226	452
226	474
226	484
226	494
226	525
226	620
226	1035
226	1054
226	1085
226	1099
226	1203
226	1210
226	1291
226	1378
226	1458
226	1474
226	1498
227	413
227	654
227	806
227	988
227	1211
228	344
228	430
228	689
228	754
228	792
228	803
228	923
228	1045
228	1205
228	1318
228	1321
228	1431
228	1434
228	1514
229	256
229	563
229	602
229	1043
229	1164
229	1177
229	1437
229	1527
230	398
230	401
230	406
230	471
230	523
230	1304
230	1421
230	1484
231	461
231	663
231	1207
231	1346
232	275
232	320
232	323
232	401
232	402
232	439
232	595
232	672
232	975
232	1112
232	1152
232	1233
232	1299
232	1301
232	1376
232	1421
233	265
233	277
233	462
234	502
234	1139
234	1211
235	288
235	504
237	243
237	267
237	288
237	318
237	396
237	401
237	414
237	482
237	584
237	611
237	618
237	679
237	798
237	919
237	975
237	1054
237	1114
237	1134
237	1142
237	1258
237	1259
237	1268
237	1482
237	1498
237	1516
237	1517
238	254
238	326
238	364
238	384
238	553
238	753
238	778
238	954
238	1384
239	273
239	342
239	345
239	409
239	413
239	914
239	933
239	939
239	942
239	1070
240	524
240	540
240	833
240	889
240	1086
240	1454
241	266
241	304
241	321
241	346
241	356
241	392
241	570
241	711
241	725
241	870
241	920
241	921
241	976
241	1098
241	1102
241	1208
241	1305
241	1428
241	1430
241	1518
242	316
242	431
242	434
242	642
242	808
242	862
242	974
242	1059
242	1112
242	1376
242	1398
242	1399
243	311
243	320
243	324
243	350
243	396
243	406
243	451
243	576
243	594
243	647
243	814
243	1495
244	614
245	253
245	551
245	839
245	1115
246	257
246	311
246	350
246	397
246	451
246	525
246	599
246	686
246	827
246	1095
246	1298
247	252
247	273
247	342
247	345
247	409
247	442
247	479
247	594
247	614
247	664
247	708
247	739
247	841
247	883
247	963
247	983
247	1125
247	1214
247	1331
247	1383
247	1424
248	368
248	575
248	767
248	836
248	1069
248	1178
248	1277
248	1281
248	1284
249	304
249	415
249	519
249	644
249	1149
249	1307
250	276
250	807
250	906
250	991
250	1074
250	1075
250	1465
251	344
251	394
251	482
251	566
251	675
251	1068
251	1168
251	1366
252	273
252	291
252	342
252	345
252	442
252	483
252	484
252	494
252	614
252	627
252	774
252	776
252	1033
252	1183
252	1222
252	1345
252	1521
253	301
253	452
253	494
253	512
253	524
253	618
253	620
253	855
253	1011
253	1054
253	1085
253	1099
253	1210
253	1291
254	327
254	353
254	583
254	653
254	690
254	712
254	778
254	1049
254	1147
254	1191
254	1486
255	360
255	465
255	645
255	646
255	808
255	851
255	1040
257	302
257	322
257	323
257	397
257	510
257	541
257	686
257	773
257	915
257	968
257	1259
257	1481
257	1517
258	595
258	675
258	854
258	919
258	975
258	1302
258	1435
259	287
259	647
259	674
259	1531
260	309
260	503
260	628
260	852
260	1017
261	420
261	454
261	501
261	657
261	718
261	727
261	793
262	374
262	405
262	533
262	711
262	788
262	1328
262	1472
262	1501
263	644
263	924
263	1232
263	1251
264	522
264	804
264	1321
264	1400
264	1431
264	1468
265	674
265	1068
265	1318
265	1357
266	725
266	743
266	813
266	899
266	976
267	301
267	324
267	360
267	452
267	484
267	512
267	618
267	620
267	621
267	634
267	833
267	871
267	1035
267	1078
267	1085
267	1099
267	1170
267	1210
267	1291
267	1350
267	1395
268	407
269	313
269	481
269	669
269	700
269	772
269	805
269	973
269	986
270	546
270	1193
270	1298
270	1401
270	1402
271	278
271	311
271	322
271	323
271	324
271	473
271	497
271	577
271	755
271	1011
271	1103
271	1231
272	401
272	646
272	712
273	342
273	345
273	413
273	614
273	709
273	799
273	942
273	959
273	998
273	1083
273	1214
273	1393
274	275
274	309
274	344
274	1063
274	1233
274	1312
274	1471
275	302
275	309
275	311
275	323
275	357
275	358
275	423
275	424
275	510
275	541
275	565
275	840
275	852
275	898
275	987
275	994
275	1255
275	1270
275	1320
275	1481
276	337
276	648
276	683
276	820
276	906
276	991
276	1092
276	1253
276	1465
277	320
277	496
277	504
277	1008
277	1112
277	1410
278	322
278	350
278	613
278	663
278	1481
279	289
279	359
279	566
279	615
279	616
279	840
279	1077
279	1112
280	452
280	647
280	704
280	825
280	856
281	530
281	868
281	1139
282	971
283	301
283	422
283	492
283	507
283	589
283	759
283	1115
283	1384
284	1045
285	437
285	446
285	490
285	529
285	550
285	690
285	789
285	822
285	863
285	1040
285	1097
285	1438
286	828
286	864
287	988
288	319
288	549
288	571
289	316
289	372
289	427
289	496
289	558
289	675
289	756
289	850
289	960
289	1112
289	1313
289	1337
289	1441
290	397
290	694
291	574
291	621
291	622
291	702
291	739
291	815
291	880
291	947
291	1229
291	1393
292	294
292	323
292	470
292	557
292	821
292	978
292	1051
292	1103
292	1407
293	346
293	364
293	420
293	583
293	753
293	778
293	1193
293	1234
293	1375
293	1402
293	1408
293	1495
294	498
294	516
294	549
294	571
294	848
294	1268
295	1476
297	331
297	366
297	457
297	583
297	609
297	822
297	960
297	1012
298	450
298	675
298	974
298	1254
298	1355
299	534
299	1007
300	878
300	1391
301	318
301	322
301	413
301	451
301	497
301	584
301	620
301	716
301	833
301	1054
301	1099
301	1157
301	1198
301	1471
302	309
302	362
302	434
302	510
302	686
302	881
302	915
303	325
303	351
303	392
303	428
303	499
303	954
303	1102
303	1141
303	1206
303	1322
304	570
304	725
304	976
304	1157
304	1428
305	792
306	367
306	370
306	491
306	710
306	730
307	470
307	920
308	444
309	944
310	436
310	459
310	573
310	597
311	316
311	357
311	358
311	362
311	410
311	451
311	452
311	568
311	577
311	581
311	647
311	686
311	755
311	844
311	865
311	891
311	987
311	1064
311	1095
311	1255
311	1258
311	1316
311	1429
311	1481
311	1515
311	1516
312	320
312	323
312	359
312	471
312	787
312	851
312	852
312	922
312	967
313	481
313	508
313	892
314	441
314	567
314	669
314	1154
314	1187
314	1249
315	611
316	347
316	358
316	434
316	451
316	496
316	504
316	558
316	642
316	656
316	756
316	1313
316	1314
316	1371
316	1376
317	475
317	931
317	1158
317	1525
318	414
318	512
318	584
318	716
318	732
318	765
318	988
318	1054
318	1099
318	1157
318	1258
318	1516
319	516
319	571
319	590
319	809
319	848
319	854
319	988
319	1065
320	321
320	401
320	638
320	851
320	858
320	1197
320	1304
320	1376
320	1421
320	1493
320	1496
321	415
321	420
321	641
321	679
321	758
321	832
321	1040
321	1118
321	1149
321	1195
322	324
322	350
322	451
322	452
322	497
322	525
322	577
322	594
322	601
322	690
322	755
322	798
322	814
322	835
322	903
322	1008
322	1481
323	497
323	557
323	821
323	852
323	1152
324	350
324	452
324	456
324	484
324	777
324	871
324	987
324	1011
325	346
325	356
325	381
325	426
325	570
325	725
325	921
325	976
325	1102
325	1160
325	1360
325	1405
325	1428
325	1430
326	472
326	640
326	692
326	1096
327	353
327	712
327	780
327	1140
327	1147
327	1321
327	1431
328	435
328	594
328	977
328	983
328	1423
329	455
329	502
329	699
329	795
329	837
329	870
329	1070
329	1129
329	1280
330	500
330	514
330	563
331	441
331	483
331	484
331	609
331	1180
332	495
332	667
332	721
332	815
334	655
334	1243
334	1252
334	1477
335	712
335	885
335	926
335	1385
336	377
336	669
336	695
336	1142
337	495
337	906
337	1465
338	406
339	621
339	1459
340	379
340	422
340	490
341	468
341	686
341	941
342	345
342	409
342	594
342	610
342	614
342	841
342	933
342	942
342	959
342	979
342	1074
342	1075
342	1125
342	1214
342	1361
344	394
344	482
344	566
344	1027
344	1072
344	1099
344	1159
344	1166
344	1468
345	377
345	405
345	409
345	479
345	507
345	610
345	627
345	709
345	739
345	841
345	998
345	1081
345	1082
345	1119
345	1171
345	1214
345	1544
345	1545
346	351
346	478
346	880
346	921
346	1040
346	1102
346	1305
346	1321
346	1424
346	1431
347	924
347	1376
348	419
348	571
348	826
348	955
348	975
348	1260
349	744
349	1093
350	357
350	358
350	397
350	452
350	577
350	639
350	826
350	827
350	891
350	919
350	981
350	1098
350	1320
350	1481
350	1489
351	374
351	392
351	447
351	653
351	743
351	867
351	976
351	1015
351	1102
351	1157
351	1161
351	1427
351	1428
353	573
353	674
353	712
353	988
353	1147
353	1297
353	1356
353	1383
354	563
354	1032
354	1177
355	545
355	567
355	948
356	392
356	426
356	570
356	711
356	743
356	921
356	976
356	1054
356	1102
356	1157
356	1161
356	1304
356	1321
356	1368
356	1379
356	1428
356	1430
356	1431
356	1501
357	358
357	451
357	581
357	755
357	844
357	865
357	891
357	981
357	987
357	1008
357	1255
357	1258
357	1316
357	1429
357	1515
357	1516
358	397
358	451
358	485
358	489
358	577
358	593
358	755
358	844
358	852
358	865
358	891
358	981
358	987
358	1095
358	1316
358	1481
358	1515
359	402
359	577
360	406
360	413
360	527
360	604
360	768
360	842
361	830
362	437
362	785
363	384
363	481
363	530
363	591
363	610
363	694
363	758
363	780
363	822
363	1156
363	1193
363	1402
364	553
364	641
364	822
364	1012
365	758
365	1012
365	1021
365	1297
365	1379
365	1468
366	368
366	422
366	489
366	690
366	707
366	1048
367	375
367	377
367	410
367	637
367	709
368	514
372	401
372	424
372	638
372	668
372	1233
374	392
374	533
374	584
374	711
374	1472
374	1501
375	615
375	808
375	864
375	1176
375	1476
376	414
376	431
376	434
376	624
376	728
376	876
376	898
376	1008
376	1059
377	981
377	1110
377	1276
378	420
378	426
378	532
378	776
378	1055
378	1102
378	1244
378	1263
378	1430
379	823
379	896
379	921
379	930
380	735
380	922
380	925
380	1008
380	1197
380	1259
380	1489
380	1517
381	607
381	1102
382	450
383	531
383	753
383	952
383	1056
384	682
385	1040
386	398
387	693
387	1321
387	1431
388	889
388	1248
389	492
389	617
389	1183
390	456
390	856
391	669
391	774
391	1063
392	405
392	447
392	478
392	533
392	921
392	1040
392	1054
392	1102
392	1304
392	1321
392	1431
392	1501
393	518
393	753
393	927
393	1047
393	1243
394	410
394	489
394	566
394	1159
396	505
396	602
397	855
397	962
397	1011
397	1099
397	1114
397	1159
397	1166
397	1481
397	1503
399	433
399	542
399	600
399	603
399	795
399	860
399	1194
400	762
400	955
400	975
401	414
401	503
401	672
401	835
401	891
401	919
401	975
401	1011
401	1197
401	1233
401	1254
401	1301
401	1304
401	1421
401	1484
402	592
402	967
402	1008
402	1371
402	1496
403	417
403	978
403	1146
403	1494
405	789
405	869
405	928
405	1171
405	1331
406	599
406	634
406	735
406	851
406	1023
406	1496
407	1473
408	1174
409	479
409	610
409	614
409	664
409	979
409	983
409	1119
409	1171
409	1325
409	1424
410	814
410	835
410	919
410	1011
410	1099
410	1203
410	1258
410	1378
410	1516
411	433
411	454
411	455
411	542
411	569
411	600
411	603
411	638
411	685
411	703
411	741
411	777
411	802
411	916
411	1031
411	1167
412	1117
413	604
413	707
413	799
413	842
413	942
413	998
413	1081
413	1083
413	1184
413	1224
413	1521
414	611
414	618
414	675
414	679
414	765
414	798
414	1054
414	1099
414	1114
414	1134
414	1157
414	1258
414	1516
415	570
415	1297
415	1299
415	1305
415	1307
415	1408
415	1415
416	530
416	822
416	824
416	1012
416	1108
416	1250
417	570
417	978
417	1009
417	1045
417	1118
417	1146
417	1195
417	1234
417	1297
417	1307
417	1494
418	1154
419	571
419	895
419	1415
420	657
420	870
420	890
420	1066
421	467
421	651
421	829
421	836
421	1178
422	492
422	507
422	564
422	589
422	759
422	1115
422	1213
422	1438
422	1524
423	523
423	708
423	994
425	433
425	481
425	526
425	556
425	667
425	792
425	819
425	824
425	905
425	908
425	1002
425	1003
425	1358
426	478
426	533
426	607
426	711
426	718
426	806
426	849
426	871
426	1193
426	1197
426	1198
426	1203
426	1231
426	1356
426	1371
426	1378
426	1402
426	1466
426	1498
427	459
427	481
427	979
427	1108
427	1156
427	1203
427	1242
427	1245
427	1250
427	1378
428	499
428	712
428	744
428	954
428	1195
429	430
429	487
429	800
429	1473
430	453
430	1436
431	450
431	558
431	675
431	876
431	898
431	1008
431	1254
431	1493
432	453
433	454
433	542
433	600
433	603
433	605
433	685
433	860
433	1039
434	496
434	625
434	756
434	1059
435	606
435	723
435	1058
435	1154
435	1322
435	1476
436	712
436	893
437	529
437	647
437	747
437	863
437	1232
437	1473
438	530
438	641
438	1021
438	1023
438	1193
438	1242
438	1297
438	1402
439	501
439	532
439	849
439	1006
439	1298
439	1321
439	1431
440	612
440	617
440	646
440	875
440	959
440	1282
440	1335
440	1532
441	752
442	707
442	709
442	1183
444	621
446	477
446	952
447	653
447	822
447	867
447	901
447	1015
447	1102
447	1161
448	613
448	783
448	1139
449	678
449	846
449	955
449	1485
450	1270
451	525
451	577
451	755
451	844
451	865
451	903
451	981
451	1258
451	1515
451	1516
452	577
452	798
452	903
452	941
452	1168
452	1481
453	553
453	1141
453	1205
454	455
454	542
454	1258
454	1516
455	502
455	768
455	774
455	795
455	1193
455	1348
455	1402
456	554
457	583
457	971
458	542
458	685
458	1391
459	560
459	750
460	1193
460	1251
460	1402
461	957
461	1406
461	1464
462	470
462	517
462	640
462	893
462	1229
464	470
464	607
464	1466
465	645
465	663
465	747
465	768
465	795
465	1118
468	686
468	703
469	738
470	497
470	528
470	640
470	694
470	889
470	923
470	978
470	1045
470	1053
470	1229
470	1321
470	1431
470	1468
470	1514
471	538
471	1304
471	1376
472	486
472	518
472	586
472	792
472	927
472	929
473	742
473	919
473	1106
473	1259
473	1517
474	738
475	515
475	1288
477	845
477	1097
478	869
478	870
478	886
478	963
478	976
478	1016
478	1208
478	1218
478	1297
478	1308
478	1371
478	1428
478	1430
478	1518
479	1125
480	522
480	547
480	1403
481	526
481	610
481	669
481	714
481	715
481	772
481	979
481	986
481	1358
482	675
482	1027
482	1366
483	484
483	627
483	705
483	708
483	751
483	818
483	841
483	1033
483	1132
483	1225
483	1391
484	525
484	618
484	634
484	669
484	708
484	1035
484	1078
484	1083
484	1085
484	1210
484	1291
484	1395
485	509
485	893
485	1260
486	710
486	730
486	1042
486	1201
487	552
487	582
487	690
487	1473
488	600
488	868
488	1092
488	1139
488	1140
488	1439
488	1477
490	587
490	784
490	890
490	1384
490	1499
491	645
491	808
492	507
492	564
492	983
492	1524
493	619
493	1155
493	1179
494	634
494	948
494	1045
494	1224
494	1346
495	670
495	1035
496	756
496	1304
496	1313
496	1376
497	568
497	686
497	865
497	978
497	1242
497	1320
497	1371
497	1515
498	571
498	848
498	893
499	712
499	954
501	573
501	1066
501	1140
501	1174
501	1261
502	945
502	989
502	1211
503	672
503	1354
504	675
504	1376
505	547
505	690
506	988
507	564
507	569
507	574
507	578
507	589
507	656
507	682
507	1115
507	1140
507	1213
507	1524
508	885
508	892
508	965
508	1026
508	1142
509	560
509	829
509	929
509	937
509	1203
509	1332
509	1378
510	1512
511	1025
512	620
512	833
512	1099
512	1114
512	1206
512	1208
512	1518
513	815
513	910
513	961
513	1342
514	651
515	579
515	1290
515	1541
516	549
516	1260
518	822
519	725
520	767
520	826
520	1233
522	710
522	1400
523	645
523	1493
524	800
524	915
524	1123
525	601
525	636
525	773
525	968
526	667
527	709
527	1002
527	1070
527	1082
527	1125
527	1349
528	1513
529	690
529	785
529	863
529	921
529	1300
529	1373
529	1482
529	1523
530	820
530	1139
531	822
532	677
532	1152
532	1233
532	1244
533	547
533	584
533	743
533	1051
533	1054
533	1430
533	1501
535	547
535	678
535	848
535	1163
536	951
537	834
537	1256
537	1303
537	1304
537	1398
538	851
538	1254
539	1073
539	1473
540	635
540	636
540	800
540	863
540	946
540	977
540	1406
541	558
541	898
542	600
542	603
542	685
542	703
542	860
543	1050
543	1145
543	1407
544	624
544	925
544	1310
544	1365
544	1371
544	1423
544	1489
545	1151
546	924
546	974
547	957
548	931
548	1158
549	571
549	695
549	848
549	895
549	1303
550	869
550	1016
550	1023
550	1523
551	561
551	1050
552	956
552	1045
553	956
556	1002
556	1003
556	1457
557	671
558	925
558	1241
558	1423
559	582
559	641
559	1040
559	1195
559	1234
559	1418
560	1051
560	1379
561	637
561	988
561	1066
561	1104
562	609
562	653
562	712
562	778
562	1463
562	1495
563	1177
564	589
564	759
564	1115
564	1438
564	1524
566	1027
567	580
567	1137
567	1154
568	616
568	675
568	1034
569	916
570	607
570	725
570	885
570	921
570	1040
570	1102
570	1146
570	1299
570	1428
570	1482
570	1494
571	659
571	678
571	760
571	854
571	1237
571	1260
571	1485
573	829
573	936
574	723
574	781
574	1026
575	632
575	767
575	910
575	1178
575	1274
575	1277
575	1281
576	1007
576	1182
577	814
577	903
577	1481
578	627
578	682
578	811
578	1016
578	1391
579	1078
579	1135
580	606
580	1187
581	827
581	891
581	981
582	1040
582	1232
582	1234
582	1422
583	609
583	1147
583	1191
583	1262
583	1306
583	1486
584	690
584	743
584	1054
584	1157
584	1258
584	1516
586	710
586	929
586	952
586	1252
587	1040
587	1158
587	1273
587	1311
587	1495
589	759
589	1115
589	1524
590	920
590	1251
590	1522
591	653
591	778
592	988
592	1018
592	1063
592	1117
593	983
593	988
593	1048
594	798
594	959
594	983
594	1480
595	675
595	851
595	1235
595	1421
596	1332
597	674
597	904
599	690
599	1198
599	1255
600	860
601	618
601	636
601	773
601	968
603	768
603	860
603	1223
603	1551
604	670
604	1028
605	1274
605	1457
606	729
606	778
606	1058
606	1151
607	711
607	870
607	976
607	1102
607	1371
607	1430
609	729
609	1023
609	1251
609	1358
610	715
610	758
610	979
610	1021
610	1245
610	1331
610	1424
611	693
612	629
612	646
612	875
612	879
612	959
612	1050
612	1282
612	1335
612	1532
613	638
613	740
614	664
614	841
614	1214
615	637
615	989
615	1176
615	1216
616	704
616	1077
617	879
618	620
618	773
618	776
618	968
618	987
618	1241
618	1259
618	1517
620	736
620	737
620	751
620	997
620	1085
622	972
622	1131
622	1454
623	710
623	1042
623	1045
624	876
624	925
624	1310
624	1371
624	1489
625	1235
626	728
626	1242
627	682
627	908
627	1016
628	760
628	935
629	768
629	879
629	1071
629	1102
630	880
633	776
633	949
634	690
634	1225
634	1496
635	636
636	639
636	857
637	971
637	1226
637	1451
637	1541
638	802
638	851
639	857
639	1468
640	923
640	1093
640	1096
640	1514
641	1040
641	1234
642	876
642	924
642	974
642	1238
642	1376
643	790
643	822
643	1047
643	1252
644	1242
644	1299
645	730
645	808
647	1064
648	906
650	797
650	914
650	1074
650	1075
650	1521
651	767
651	836
651	1178
652	836
652	1284
653	690
653	1147
653	1374
654	681
654	758
654	1317
655	1477
656	924
656	1195
657	1191
658	721
658	815
659	678
659	846
659	895
659	955
659	1260
659	1328
659	1485
660	1324
660	1426
662	664
662	749
662	928
663	1339
664	928
664	1285
666	1202
667	792
667	969
667	991
668	1294
670	884
671	1240
671	1246
672	919
672	1233
672	1301
672	1304
672	1365
672	1485
673	881
673	973
673	1247
673	1422
674	1269
675	787
675	935
675	975
675	1168
675	1320
675	1366
675	1485
678	955
678	1303
679	1141
679	1160
680	689
680	803
681	909
681	1122
681	1210
681	1317
682	702
684	971
686	835
687	706
688	720
689	754
689	803
689	1051
689	1318
689	1434
690	785
690	1040
690	1371
692	936
693	810
693	1049
693	1203
693	1378
694	975
695	1268
695	1522
696	976
700	772
700	882
701	782
701	822
701	1127
703	816
703	911
705	1143
706	880
707	908
707	998
707	1070
707	1222
707	1288
707	1521
708	1033
708	1079
708	1183
708	1217
709	914
709	933
709	1083
709	1183
709	1222
709	1224
710	730
710	753
710	952
710	958
710	1473
711	742
711	743
711	768
711	976
711	1142
711	1252
711	1430
712	744
712	885
712	1147
714	986
715	822
715	1012
715	1023
715	1108
715	1142
715	1411
716	1379
718	741
718	832
718	978
718	1430
720	778
720	787
720	987
720	1163
720	1168
721	795
721	815
722	988
722	1321
722	1431
725	921
725	1428
726	847
728	973
729	1401
731	1319
732	1106
732	1114
734	741
735	1112
736	997
737	889
739	818
739	1183
739	1456
740	934
740	1348
741	1343
741	1367
743	1054
743	1102
744	954
746	1067
746	1102
746	1161
747	863
747	1438
752	1461
753	822
753	1047
753	1473
754	803
754	953
754	1051
754	1318
754	1434
754	1468
755	844
755	981
755	987
755	1008
755	1353
755	1365
755	1481
758	822
758	960
758	1156
759	1115
759	1438
759	1524
760	848
760	935
761	1239
765	988
765	1114
767	836
767	910
767	937
767	1069
767	1178
767	1281
768	1217
769	1440
769	1496
769	1536
771	1098
773	776
773	919
773	968
773	987
773	1259
773	1517
776	841
776	1293
778	782
778	914
778	1042
778	1168
778	1306
778	1512
779	1427
780	1411
782	1243
782	1262
782	1358
784	1418
785	863
785	1430
785	1438
786	1193
786	1402
787	1152
787	1163
787	1168
787	1238
788	1067
788	1102
789	1323
790	1384
792	932
792	943
792	1328
793	1066
797	841
797	933
799	836
799	942
799	998
801	818
801	880
801	947
801	1037
801	1183
802	1290
803	953
803	1051
803	1072
803	1204
803	1205
803	1520
804	988
804	1145
804	1419
805	1463
806	1200
806	1262
806	1430
807	983
808	862
809	1065
811	914
811	1062
811	1311
812	867
812	929
812	936
812	1155
817	1193
817	1402
818	916
818	991
818	1344
820	1139
822	927
822	958
822	1045
823	1476
824	1006
824	1049
824	1203
824	1308
824	1378
824	1474
825	1253
826	987
827	919
827	1242
827	1429
827	1481
829	929
829	1268
829	1522
831	1153
833	1064
834	929
835	919
835	1233
836	1178
836	1281
836	1341
837	1089
837	1437
837	1448
841	883
841	1002
841	1070
841	1344
841	1456
842	1081
842	1183
842	1222
842	1335
844	987
844	1095
844	1365
845	1239
846	1005
846	1305
846	1427
848	1268
848	1522
849	1321
849	1430
849	1431
850	1314
850	1376
851	858
853	1331
855	1114
860	1274
861	1354
863	962
863	983
863	1113
863	1473
863	1482
864	1232
864	1419
864	1496
867	1102
869	886
870	899
870	1251
870	1360
871	1231
871	1242
871	1430
871	1466
871	1498
874	1270
875	1282
875	1335
875	1336
876	898
880	1293
880	1512
883	1325
884	1290
885	922
885	1493
886	1016
886	1023
886	1118
889	1231
891	1316
891	1429
892	965
892	1142
892	1251
897	926
898	1299
899	1193
899	1402
902	913
902	1383
903	1006
903	1310
905	988
908	1414
909	917
909	1317
910	1178
914	998
914	1075
915	994
917	1317
918	1480
919	1233
919	1301
919	1304
919	1493
920	1243
921	976
922	995
922	1197
922	1493
923	1194
924	1112
925	1310
925	1365
925	1376
925	1423
925	1489
927	1047
927	1252
928	979
928	1480
929	1332
930	956
931	1158
931	1419
932	1215
933	939
933	959
933	1074
934	1200
935	1254
936	975
936	1109
936	1268
937	1155
939	1119
939	1325
942	998
942	1183
942	1521
945	1288
945	1454
946	1287
947	972
947	1037
948	971
948	1215
948	1347
951	1480
952	989
952	1056
952	1271
952	1329
952	1476
953	1051
953	1318
953	1434
954	1375
955	1145
956	1379
957	1406
959	1075
959	1285
960	1023
960	1114
962	1099
962	1114
962	1291
963	1331
964	1322
965	992
965	1142
965	1143
966	1384
968	1241
972	1131
973	1362
974	1208
976	1428
978	1142
978	1146
978	1494
979	1171
979	1245
979	1424
980	1497
981	1258
981	1316
981	1429
981	1516
983	1480
984	1409
987	1095
987	1316
988	1173
988	1174
988	1277
988	1280
988	1383
988	1386
989	1176
989	1329
989	1476
990	1053
991	1171
992	1001
997	1085
998	1081
1002	1003
1002	1082
1005	1189
1005	1278
1006	1355
1006	1474
1008	1152
1008	1259
1008	1399
1009	1482
1009	1493
1011	1365
1016	1023
1016	1218
1018	1363
1019	1272
1020	1248
1024	1140
1033	1391
1040	1195
1040	1234
1040	1411
1040	1419
1040	1497
1041	1428
1042	1201
1044	1101
1044	1468
1044	1491
1045	1053
1045	1321
1045	1463
1046	1193
1046	1375
1046	1402
1049	1175
1050	1160
1051	1318
1051	1434
1052	1507
1054	1428
1062	1165
1063	1268
1070	1125
1070	1222
1070	1476
1074	1075
1075	1092
1075	1184
1078	1210
1081	1184
1081	1521
1082	1222
1083	1183
1083	1222
1083	1224
1084	1292
1085	1133
1085	1210
1095	1365
1098	1199
1098	1203
1098	1378
1099	1170
1099	1234
1099	1471
1102	1197
1102	1353
1102	1519
1103	1312
1103	1366
1103	1485
1112	1376
1114	1123
1114	1498
1115	1213
1119	1325
1119	1331
1119	1465
1121	1381
1128	1329
1132	1296
1132	1394
1140	1311
1141	1160
1142	1358
1144	1203
1144	1378
1152	1270
1163	1168
1163	1512
1164	1437
1164	1527
1167	1242
1168	1320
1171	1331
1171	1424
1173	1363
1176	1476
1177	1284
1183	1222
1183	1224
1184	1394
1188	1376
1191	1486
1193	1483
1193	1493
1195	1487
1196	1482
1197	1493
1198	1483
1199	1316
1203	1364
1203	1481
1204	1318
1204	1434
1205	1318
1205	1434
1206	1312
1207	1392
1208	1473
1212	1277
1214	1331
1221	1225
1222	1521
1229	1463
1231	1466
1232	1251
1233	1312
1235	1398
1237	1303
1240	1324
1241	1473
1245	1424
1248	1364
1251	1309
1252	1476
1254	1270
1254	1305
1258	1471
1263	1506
1269	1526
1273	1418
1277	1281
1281	1284
1282	1532
1287	1396
1287	1397
1291	1350
1297	1483
1304	1353
1304	1484
1306	1508
1310	1423
1310	1489
1315	1400
1316	1481
1318	1520
1319	1362
1320	1481
1325	1465
1329	1528
1335	1532
1336	1532
1342	1538
1345	1391
1366	1485
1413	1463
1423	1489
1434	1520
