# 1978 39 0
# 1979 50 1
# 1980 47 2
# 1981 41 3
# 1982 53 4
# 1983 52 5
# 1984 45 6
# 1985 65 7
# 1986 49 8
# 1987 62 9
# 1988 66 10
# 1989 47 11
# 1990 42 12
# 1991 44 13
# 1992 90 14
# 1993 56 15
# 1994 37 16
# 1995 52 17
# 1996 50 18
# 1997 42 19
# 1998 45 20
# 1999 50 21
# 2000 34 22
# 2001 39 23
# 2002 42 24
# 2003 44 25
# 2004 41 26
# 2005 42 27
# 2006 52 28
# 2007 101 29
# 2008 64 30
# 2009 100 31
# 2010 82 32
# 2011 75 33
# 2012 188 34
# 2013 173 35
# 2014 100 36
# 2015 146 37
# 2016 151 38
# 2017 126 39
# 2018 161 40
# 2019 83 41
# 2020 133 42
# 2021 159 43
# 2022 226 44
# 2023 126 45
# 2024 165 46
# 2025 25 47
38 0 2
11 1 2
13 2 1
31 3 2
12 4 1
14 5 4
14 6 2
13 7 1
14 7 1
15 7 2
8 8 1
44 9 2
34 10 2
47 11 1
42 12 2
42 13 2
45 14 2
8 15 1
44 16 2
19 17 1
21 18 1
14 19 1
40 20 2
24 21 1
44 22 2
2 23 1
33 24 2
6 25 1
17 26 1
33 27 2
29 28 2
42 29 2
44 29 3
3 30 1
1 31 1
44 32 5
46 32 5
7 33 1
42 34 2
43 34 2
42 35 2
15 36 2
37 37 2
14 38 2
16 39 1
43 40 1
28 41 2
38 42 2
45 43 2
37 44 2
40 44 2
10 45 1
40 46 2
8 47 1
10 47 1
25 48 1
26 48 1
19 49 1
31 50 2
17 51 1
32 52 4
42 53 2
29 54 1
30 54 1
25 55 1
40 56 2
45 57 2
25 58 1
42 59 4
32 60 1
34 61 2
37 61 4
11 62 2
13 62 1
14 62 1
25 63 1
23 64 1
38 65 2
13 66 1
26 67 1
28 67 2
29 67 2
7 68 1
45 69 2
43 70 3
18 71 1
36 72 3
11 73 2
35 74 1
11 75 2
38 76 2
43 77 2
10 78 2
25 79 1
12 80 2
9 81 1
43 82 2
44 82 3
11 83 1
38 84 3
45 85 2
42 86 2
15 87 1
37 88 2
10 89 2
12 89 2
14 89 1
17 90 2
40 91 2
42 91 2
21 92 1
23 92 1
5 93 1
25 94 1
40 95 4
42 95 2
11 96 1
5 97 1
40 98 2
4 99 2
42 100 1
43 101 2
25 102 2
32 102 3
34 102 3
38 102 3
13 103 2
37 104 4
39 105 3
11 106 1
39 107 2
5 108 1
39 109 2
41 109 1
43 109 2
36 110 4
0 111 1
41 112 1
19 113 1
21 113 1
38 114 2
5 115 1
6 115 1
35 116 3
37 116 2
20 117 1
16 118 1
4 119 1
36 120 2
44 121 2
45 121 2
5 122 2
38 123 2
46 124 2
35 125 2
42 126 2
43 126 2
7 127 4
9 127 2
41 128 2
42 128 4
43 128 5
44 128 5
39 129 4
2 130 1
11 131 1
19 132 1
20 132 1
12 133 2
10 134 1
6 135 2
10 136 1
31 137 1
24 138 1
34 139 2
39 139 2
36 140 2
19 141 1
39 142 3
42 143 2
8 144 2
9 144 2
12 145 1
28 146 1
30 146 1
33 147 1
22 148 2
35 149 3
37 149 2
9 150 2
6 151 2
35 152 2
38 152 4
44 153 2
9 154 1
29 155 2
9 156 1
32 157 3
34 157 3
34 158 2
36 158 2
30 159 1
34 160 4
13 161 1
2 162 1
3 162 3
4 162 2
14 163 3
22 164 1
29 165 2
7 166 1
37 167 2
16 168 1
26 169 1
30 170 2
34 171 2
36 172 1
44 173 2
39 174 4
46 175 2
5 176 1
19 177 1
22 177 1
26 178 1
4 179 2
6 179 2
7 179 2
6 180 2
28 181 1
31 181 1
33 182 1
42 183 2
44 183 4
44 184 3
27 185 2
15 186 1
46 187 2
15 188 1
14 189 1
34 190 2
35 190 2
8 191 2
9 191 2
38 192 2
23 193 1
22 194 1
26 195 1
16 196 1
38 197 2
41 197 2
44 198 5
38 199 2
39 199 2
18 200 2
27 201 1
40 202 2
14 203 1
20 204 1
32 205 1
38 206 2
18 207 2
33 208 1
31 209 1
28 210 1
39 211 2
46 212 2
14 213 1
4 214 1
3 215 1
6 216 1
18 217 2
34 218 2
7 219 1
31 220 1
37 221 2
8 222 2
34 223 2
41 224 2
32 225 1
14 226 4
43 227 3
33 228 3
34 228 3
35 228 8
36 228 2
40 229 2
6 230 1
43 231 3
10 232 1
0 233 1
1 233 2
2 233 1
3 233 1
37 234 2
10 235 1
15 236 2
36 237 1
36 238 2
13 239 1
20 240 2
47 241 1
17 242 1
42 243 2
44 243 3
46 243 6
1 244 1
43 245 3
44 245 3
8 246 2
21 247 2
26 247 2
3 248 1
31 249 2
35 249 2
6 250 1
47 251 1
37 252 2
39 252 2
26 253 2
34 254 3
9 255 1
29 256 1
36 257 2
21 258 1
27 259 1
11 260 2
31 261 1
30 262 1
42 263 8
15 264 1
7 265 1
29 266 1
30 266 1
35 267 2
46 268 3
20 269 1
35 270 2
46 271 2
28 272 2
2 273 1
4 273 1
17 274 1
46 275 3
16 276 1
14 277 1
27 278 1
27 279 1
13 280 1
38 281 2
43 282 2
7 283 1
11 284 1
14 284 1
40 285 2
34 286 2
6 287 2
12 288 1
18 289 1
34 290 3
35 290 5
47 291 1
19 292 1
33 293 2
34 293 2
35 293 3
14 294 3
15 294 1
18 294 2
19 294 1
41 295 1
14 296 2
47 297 1
33 298 1
28 299 1
22 300 1
15 301 1
37 302 2
28 303 1
32 304 1
22 305 2
22 306 1
32 307 1
9 308 1
41 309 1
29 310 2
31 310 3
22 311 1
23 312 1
11 313 1
36 314 2
24 315 1
44 316 2
18 317 2
2 318 2
0 319 1
41 320 1
46 321 2
36 322 1
40 323 2
44 324 2
28 325 2
18 326 1
42 327 2
15 328 1
40 329 2
24 330 1
36 331 3
26 332 2
16 333 1
38 334 3
39 334 2
40 335 3
6 336 1
9 336 1
30 337 3
17 338 1
8 339 1
9 339 1
11 339 1
42 340 2
23 341 1
9 342 2
22 343 1
10 344 1
14 345 2
34 346 2
5 347 1
44 348 2
16 349 1
18 349 1
19 349 2
31 350 2
34 350 4
39 351 1
4 352 1
8 352 1
22 353 1
46 354 4
47 355 1
37 356 2
38 356 2
46 357 2
42 358 5
3 359 2
17 360 1
0 361 1
28 362 1
15 363 1
17 364 3
20 364 1
24 365 2
25 365 1
42 366 3
7 367 1
41 368 1
29 369 2
32 370 2
34 370 2
45 371 2
45 372 2
41 373 2
25 374 1
45 375 2
34 376 2
35 376 2
9 377 1
24 378 1
18 379 1
38 380 2
39 381 2
41 381 2
0 382 1
38 383 2
42 383 2
44 384 2
45 385 2
29 386 2
36 387 2
36 388 2
14 389 5
16 390 1
37 391 3
13 392 1
16 392 1
42 393 2
19 394 1
20 394 1
0 395 2
34 396 2
44 397 2
29 398 2
6 399 1
14 400 1
43 401 2
36 402 2
20 403 1
34 404 2
43 405 1
5 406 2
9 407 1
10 407 3
26 408 1
41 409 2
14 410 2
15 410 2
26 411 1
0 412 1
1 412 1
2 412 1
8 413 1
17 414 2
31 415 1
32 416 1
7 417 3
8 417 2
9 417 2
37 418 2
43 419 2
44 419 4
45 419 3
46 419 3
10 420 4
36 421 2
37 422 2
41 422 4
8 423 1
39 424 2
46 425 2
44 426 2
23 427 1
28 428 1
2 429 1
26 430 1
36 431 2
2 432 1
3 432 2
4 432 4
6 432 3
7 432 4
5 433 2
31 434 1
41 435 2
10 436 1
18 437 1
8 438 1
38 439 2
34 440 2
1 441 1
5 442 4
10 443 4
11 443 2
12 443 1
29 444 4
9 445 1
29 446 1
7 447 1
26 448 1
34 449 2
0 450 2
2 450 3
30 451 2
36 452 3
21 453 3
43 454 4
43 455 2
14 456 1
37 457 3
38 457 2
39 457 3
40 457 4
13 458 1
14 458 4
15 458 2
16 458 2
29 459 1
5 460 1
39 461 2
17 462 1
24 463 1
43 464 2
39 465 2
28 466 1
39 467 1
10 468 1
35 469 2
10 470 2
26 471 1
27 472 1
30 473 2
33 473 2
5 474 1
5 475 1
33 476 1
46 477 3
15 478 2
34 479 2
31 480 2
13 481 1
17 482 2
34 483 2
3 484 2
4 484 1
33 485 1
41 486 2
42 486 3
43 486 3
44 486 5
35 487 2
38 487 3
36 488 2
25 489 1
23 490 1
25 490 1
45 491 2
35 492 2
38 493 2
13 494 1
40 495 2
42 496 2
43 496 2
44 496 5
47 497 1
17 498 1
28 499 2
12 500 1
35 501 1
43 502 2
0 503 2
44 504 2
45 505 2
31 506 1
11 507 1
34 508 2
6 509 1
7 509 1
35 510 2
30 511 2
34 512 2
7 513 1
13 514 1
10 515 1
37 516 3
38 517 3
29 518 3
30 518 3
31 518 2
32 518 2
42 519 3
43 519 3
45 519 2
32 520 1
44 521 2
20 522 1
20 523 1
18 524 1
34 525 3
43 526 2
44 527 2
24 528 1
1 529 3
20 530 1
42 531 3
43 532 2
27 533 2
28 533 3
17 534 2
35 535 2
38 535 5
39 535 4
46 536 3
26 537 1
11 538 1
8 539 1
34 540 4
24 541 1
39 542 3
26 543 2
31 544 2
5 545 1
8 545 1
20 546 1
8 547 1
9 547 1
12 547 1
13 547 1
29 548 1
40 549 2
1 550 1
23 551 1
20 552 1
36 553 3
37 553 2
12 554 1
2 555 2
4 555 2
11 556 2
15 557 1
34 558 2
41 559 1
45 560 2
0 561 1
1 562 2
12 563 2
19 564 1
30 565 1
26 566 1
11 567 1
41 568 1
28 569 1
44 570 2
46 570 3
40 571 2
15 572 1
27 573 2
21 574 2
2 575 1
38 576 2
33 577 2
1 578 1
33 579 1
32 580 2
41 580 2
47 581 1
31 582 1
32 583 5
33 583 3
34 583 11
35 583 10
37 583 9
29 584 1
15 585 1
41 586 2
21 587 3
23 587 2
25 588 1
4 589 2
5 589 1
41 590 1
4 591 1
45 592 2
38 593 2
14 594 3
38 595 3
0 596 1
9 597 1
10 598 1
43 599 4
21 600 1
23 601 1
36 602 2
16 603 1
21 604 1
34 605 2
45 606 2
44 607 4
42 608 2
41 609 1
14 610 1
16 610 1
47 611 1
2 612 2
36 613 2
42 614 2
26 615 2
27 615 2
7 616 1
19 617 1
20 617 1
22 617 1
23 618 1
16 619 1
35 620 2
9 621 1
27 622 1
40 623 2
0 624 1
37 625 2
19 626 1
21 626 1
22 626 1
10 627 1
33 628 1
9 629 1
34 630 2
42 631 2
23 632 2
25 632 2
1 633 2
44 634 3
46 635 2
27 636 2
37 637 2
38 637 3
40 637 3
20 638 1
35 639 2
14 640 1
33 641 1
35 642 2
0 643 1
2 643 1
3 643 1
40 644 2
9 645 1
27 646 1
29 647 2
43 648 2
41 649 1
34 650 4
1 651 1
7 652 1
34 653 3
30 654 1
28 655 2
1 656 1
31 657 3
46 658 2
46 659 3
30 660 1
39 661 3
28 662 1
45 663 2
30 664 2
5 665 1
31 666 3
34 666 6
35 666 5
3 667 1
18 668 1
18 669 1
0 670 1
1 671 1
11 672 1
31 673 2
2 674 1
28 675 1
3 676 1
27 677 1
37 678 2
33 679 1
30 680 4
17 681 2
23 682 3
12 683 1
16 683 1
35 684 2
38 684 2
14 685 3
34 686 2
35 687 2
43 688 1
44 689 2
13 690 1
22 691 1
6 692 2
19 693 5
20 693 4
21 693 8
21 694 1
7 695 1
8 695 1
10 695 1
44 696 2
19 697 2
40 698 2
24 699 2
32 700 2
36 701 2
42 702 1
43 703 3
3 704 1
4 705 2
5 705 2
16 706 2
18 706 3
39 707 1
22 708 2
10 709 1
11 709 1
21 710 1
0 711 1
44 712 2
29 713 2
31 713 2
44 714 4
32 715 1
25 716 1
31 717 1
33 718 2
47 719 1
31 720 2
38 721 2
33 722 1
42 723 2
46 724 3
18 725 1
40 726 3
27 727 1
38 728 2
41 728 2
22 729 1
8 730 1
5 731 1
29 732 2
47 733 1
4 734 1
5 734 3
40 735 2
23 736 4
24 736 2
12 737 1
6 738 1
0 739 2
8 740 1
20 741 2
24 741 1
45 742 3
4 743 2
41 744 2
42 744 2
43 744 2
37 745 2
33 746 1
29 747 5
31 747 3
26 748 1
5 749 1
7 750 1
23 751 1
41 752 1
45 753 2
15 754 2
45 755 3
40 756 3
4 757 1
43 758 2
6 759 1
7 760 1
12 761 1
19 762 1
32 763 1
46 764 2
19 765 1
28 766 1
31 767 2
25 768 1
22 769 1
23 770 1
44 771 2
14 772 1
27 773 1
12 774 1
14 775 1
17 775 1
18 775 1
16 776 1
28 777 1
18 778 1
43 779 1
38 780 3
30 781 1
2 782 1
23 783 1
24 783 2
27 784 1
32 785 1
5 786 2
17 787 2
45 788 3
39 789 1
12 790 1
17 790 1
30 791 3
34 792 2
7 793 1
9 793 1
42 794 2
45 795 3
46 796 2
40 797 2
33 798 1
44 799 2
2 800 1
4 800 1
5 800 1
15 801 1
40 802 2
3 803 1
17 804 2
39 805 2
35 806 1
38 806 2
22 807 2
24 807 2
27 807 2
1 808 1
28 809 2
26 810 1
32 811 3
45 812 2
46 812 5
43 813 4
44 813 7
42 814 2
44 814 2
42 815 2
43 816 2
45 817 2
10 818 1
5 819 1
13 820 1
6 821 1
7 821 1
45 822 2
43 823 2
40 824 2
15 825 1
24 826 3
27 827 1
39 828 3
10 829 1
25 830 1
26 830 1
28 830 1
41 831 2
44 832 8
27 833 3
11 834 1
14 835 1
31 836 1
14 837 2
42 838 2
45 838 3
29 839 3
31 839 3
34 839 2
35 840 2
38 841 2
37 842 2
17 843 1
19 843 1
15 844 2
31 845 2
0 846 1
46 847 2
20 848 1
15 849 1
46 850 2
43 851 2
44 852 2
44 853 2
44 854 2
24 855 2
17 856 1
26 857 2
23 858 1
41 859 2
42 859 4
45 860 2
45 861 2
36 862 1
28 863 1
1 864 2
6 865 1
13 866 1
35 867 2
46 868 3
46 869 3
4 870 1
2 871 1
38 872 3
35 873 2
12 874 1
45 875 2
32 876 1
17 877 2
37 878 2
38 878 8
39 878 3
40 878 4
25 879 1
32 880 4
34 880 5
7 881 1
21 882 1
3 883 1
32 884 1
0 885 1
25 886 1
14 887 1
46 888 3
27 889 1
11 890 2
27 891 1
46 892 2
34 893 2
35 894 2
30 895 1
34 896 2
43 897 3
5 898 2
34 899 3
44 900 2
46 901 2
9 902 2
38 903 2
12 904 1
45 905 2
46 905 2
17 906 1
21 907 1
44 908 4
45 908 2
9 909 3
37 910 2
28 911 1
41 912 2
14 913 2
15 913 1
16 913 1
19 913 2
1 914 1
24 915 1
25 916 1
33 917 1
39 918 3
40 918 4
43 919 2
4 920 2
5 920 2
18 921 1
34 922 2
41 923 2
9 924 1
10 924 1
11 924 1
12 924 3
18 925 1
24 926 2
19 927 2
7 928 1
40 929 2
4 930 1
41 931 2
43 931 6
44 931 8
45 931 4
47 932 1
15 933 1
43 934 1
44 935 3
46 935 5
7 936 1
9 936 1
10 936 2
45 937 2
10 938 1
44 939 3
12 940 2
14 940 4
15 940 4
8 941 3
9 941 5
10 941 1
11 941 1
36 942 2
7 943 1
1 944 2
30 945 1
2 946 1
39 947 2
41 947 3
46 948 2
39 949 2
40 950 4
36 951 2
18 952 3
45 953 2
46 953 3
27 954 1
45 955 2
44 956 2
17 957 1
16 958 1
46 959 2
0 960 1
1 960 1
2 960 1
28 961 1
19 962 1
25 963 1
32 964 1
43 965 1
5 966 1
16 967 3
31 968 1
32 968 2
33 969 1
4 970 1
47 971 1
17 972 1
35 973 2
44 974 2
18 975 2
1 976 1
37 977 2
38 977 2
6 978 1
44 979 2
20 980 1
13 981 2
21 982 1
42 983 2
16 984 1
19 984 1
45 985 2
13 986 2
15 986 3
38 987 2
38 988 2
41 989 2
1 990 1
5 991 2
45 992 2
31 993 2
45 994 2
34 995 2
37 995 2
3 996 1
4 996 1
5 996 1
6 996 3
7 996 6
4 997 2
45 998 2
25 999 2
27 1000 1
1 1001 1
17 1002 1
20 1002 2
21 1002 1
30 1003 2
16 1004 2
30 1005 1
23 1006 1
37 1007 3
39 1008 3
40 1008 2
29 1009 2
6 1010 1
11 1011 1
35 1012 3
35 1013 2
0 1014 1
38 1015 2
26 1016 1
31 1017 1
14 1018 1
20 1019 3
29 1020 2
10 1021 3
34 1022 2
4 1023 1
6 1024 1
9 1025 2
12 1025 2
13 1025 4
27 1026 1
37 1027 2
38 1027 2
33 1028 1
7 1029 1
42 1030 2
43 1030 2
47 1031 1
23 1032 1
2 1033 3
5 1033 2
20 1034 1
29 1035 2
30 1035 2
38 1036 2
40 1036 2
46 1037 3
35 1038 2
40 1039 2
7 1040 1
18 1041 3
25 1042 1
32 1043 2
34 1044 2
2 1045 1
36 1046 2
36 1047 2
25 1048 2
14 1049 1
15 1049 1
16 1049 1
33 1050 1
37 1051 2
23 1052 1
28 1053 3
29 1053 2
27 1054 1
24 1055 1
40 1056 3
34 1057 2
6 1058 1
7 1058 4
8 1058 2
42 1059 2
43 1059 2
17 1060 1
30 1061 1
33 1062 2
35 1062 4
10 1063 1
43 1064 3
44 1064 5
33 1065 1
36 1066 1
43 1067 2
44 1067 6
14 1068 1
35 1069 3
36 1069 2
37 1069 2
12 1070 1
13 1070 2
29 1071 1
18 1072 1
32 1073 1
44 1074 2
41 1075 1
24 1076 1
29 1077 5
30 1078 2
2 1079 1
40 1080 2
7 1081 2
34 1082 4
35 1082 6
31 1083 2
7 1084 2
8 1084 2
10 1084 3
9 1085 1
23 1086 1
40 1087 2
46 1088 2
4 1089 1
6 1089 1
17 1090 1
1 1091 2
2 1091 5
22 1092 1
18 1093 1
35 1094 2
39 1095 2
31 1096 2
32 1096 2
33 1096 2
46 1097 2
37 1098 2
9 1099 1
41 1100 1
2 1101 1
10 1102 2
29 1103 4
34 1104 2
47 1105 1
9 1106 1
45 1107 2
18 1108 2
29 1109 1
3 1110 1
19 1111 1
0 1112 1
1 1112 1
2 1112 1
3 1112 1
13 1113 1
14 1113 1
15 1113 3
30 1114 2
31 1114 2
32 1114 2
35 1115 2
27 1116 2
28 1117 1
36 1118 1
44 1119 2
1 1120 2
8 1121 1
46 1122 2
47 1123 1
46 1124 2
47 1125 1
24 1126 1
26 1126 2
29 1127 1
32 1128 2
36 1129 2
46 1130 2
39 1131 1
4 1132 1
39 1133 2
35 1134 2
7 1135 1
32 1136 2
35 1136 2
37 1136 3
39 1137 3
20 1138 1
30 1139 2
0 1140 1
2 1140 1
1 1141 2
14 1142 3
18 1142 1
19 1142 1
0 1143 1
38 1144 2
25 1145 3
26 1145 2
10 1146 1
12 1147 1
0 1148 1
20 1149 1
21 1150 1
33 1151 2
35 1151 2
45 1152 2
46 1153 3
24 1154 1
29 1155 1
22 1156 2
30 1157 1
1 1158 1
5 1159 1
8 1160 2
25 1161 1
32 1162 2
38 1163 2
40 1163 4
39 1164 2
18 1165 3
43 1166 2
45 1167 2
19 1168 1
36 1169 1
35 1170 2
43 1171 3
44 1171 2
46 1171 3
46 1172 2
38 1173 2
23 1174 1
40 1175 2
38 1176 2
19 1177 1
39 1178 2
36 1179 2
18 1180 1
28 1181 1
36 1182 4
14 1183 1
16 1183 3
42 1184 1
1 1185 2
15 1186 2
29 1187 1
30 1188 1
37 1189 2
19 1190 1
20 1191 2
40 1192 2
18 1193 1
17 1194 1
21 1195 1
13 1196 1
15 1197 1
4 1198 1
6 1198 2
7 1198 3
8 1198 1
9 1198 2
15 1199 3
22 1200 1
17 1201 1
35 1202 2
46 1203 2
46 1204 2
37 1205 2
43 1206 2
44 1206 3
24 1207 2
19 1208 1
40 1209 2
14 1210 8
29 1211 1
40 1212 2
21 1213 1
37 1214 2
28 1215 3
31 1215 3
8 1216 1
37 1217 2
39 1217 3
29 1218 2
25 1219 2
37 1220 2
16 1221 1
33 1222 2
35 1223 7
46 1224 2
44 1225 2
14 1226 1
15 1226 1
23 1227 1
18 1228 1
34 1229 3
36 1229 2
45 1230 2
30 1231 1
31 1232 2
39 1233 2
22 1234 1
24 1234 1
25 1234 3
26 1234 1
8 1235 3
9 1235 2
10 1235 3
12 1235 2
16 1236 1
45 1237 2
10 1238 1
39 1239 1
11 1240 1
36 1241 2
20 1242 2
23 1243 1
36 1243 1
41 1244 2
12 1245 1
0 1246 2
1 1246 2
2 1246 2
22 1247 1
43 1248 2
44 1248 2
46 1249 2
45 1250 2
17 1251 4
10 1252 1
37 1253 2
29 1254 2
3 1255 2
4 1255 2
29 1256 2
32 1257 2
29 1258 1
40 1259 6
39 1260 2
40 1261 5
3 1262 1
35 1263 2
30 1264 2
21 1265 1
23 1266 1
17 1267 1
36 1268 3
23 1269 1
25 1269 1
26 1269 1
29 1270 2
11 1271 2
17 1272 2
33 1273 2
42 1274 5
6 1275 1
35 1276 3
11 1277 1
37 1278 2
38 1279 2
41 1280 2
42 1280 2
22 1281 1
35 1282 2
21 1283 1
45 1284 3
46 1284 3
19 1285 1
20 1285 1
43 1286 4
2 1287 1
3 1287 2
4 1287 2
42 1288 2
3 1289 1
33 1290 2
34 1290 2
36 1290 2
9 1291 1
34 1292 3
26 1293 1
6 1294 1
1 1295 2
0 1296 2
35 1297 2
43 1298 1
38 1299 2
38 1300 2
24 1301 1
32 1302 1
42 1303 2
44 1304 2
0 1305 2
3 1305 2
37 1306 4
38 1306 2
39 1306 2
37 1307 2
42 1308 2
18 1309 1
13 1310 2
14 1311 1
46 1312 2
27 1313 1
47 1314 1
20 1315 2
36 1316 2
37 1317 2
39 1317 2
21 1318 1
5 1319 1
38 1320 2
7 1321 2
28 1322 1
40 1323 2
16 1324 1
46 1325 2
15 1326 1
13 1327 2
39 1328 2
45 1329 2
46 1329 2
30 1330 1
40 1331 2
5 1332 1
37 1333 2
10 1334 1
11 1334 1
12 1334 1
15 1334 2
6 1335 1
12 1336 1
1 1337 1
21 1338 1
3 1339 1
43 1340 2
26 1341 1
29 1342 2
31 1342 6
33 1342 4
0 1343 1
2 1343 1
3 1343 1
44 1344 4
11 1345 2
42 1346 2
35 1347 2
43 1348 4
44 1348 7
45 1348 2
46 1348 2
29 1349 1
3 1350 1
19 1351 2
46 1352 2
4 1353 1
30 1354 2
32 1354 2
2 1355 1
3 1355 1
32 1356 2
34 1356 4
0 1357 1
40 1358 2
25 1359 1
36 1360 2
44 1361 2
45 1361 2
47 1362 1
8 1363 1
37 1364 3
15 1365 1
27 1366 1
37 1367 2
39 1367 2
24 1368 1
27 1369 1
46 1370 2
28 1371 1
34 1372 2
43 1373 3
36 1374 2
28 1375 2
30 1376 2
15 1377 1
37 1378 2
32 1379 1
41 1380 2
23 1381 1
4 1382 2
47 1383 1
21 1384 1
40 1385 3
1 1386 1
40 1387 3
41 1387 3
26 1388 1
44 1389 3
7 1390 1
24 1391 1
33 1392 2
15 1393 1
24 1394 1
41 1395 3
27 1396 2
39 1397 3
47 1398 1
37 1399 3
3 1400 1
37 1401 4
24 1402 1
1 1403 2
2 1404 2
12 1405 1
0 1406 1
17 1407 2
18 1407 1
38 1408 2
32 1409 1
39 1410 1
6 1411 1
7 1412 1
43 1413 4
43 1414 3
13 1415 1
31 1416 1
32 1417 2
34 1417 2
35 1418 3
16 1419 1
35 1420 2
40 1421 3
41 1421 6
42 1421 2
21 1422 1
1 1423 1
26 1424 1
20 1425 1
32 1426 1
39 1427 3
28 1428 1
7 1429 1
11 1430 1
35 1431 2
37 1431 2
46 1432 3
31 1433 2
29 1434 2
19 1435 2
20 1435 2
21 1435 3
39 1435 2
28 1436 2
28 1437 1
14 1438 1
20 1439 1
36 1440 2
5 1441 3
7 1441 4
46 1442 2
4 1443 1
34 1444 2
24 1445 1
40 1446 2
43 1447 5
45 1448 4
24 1449 1
8 1450 1
39 1451 2
41 1451 2
47 1452 1
46 1453 2
46 1454 4
40 1455 2
42 1455 2
8 1456 1
44 1457 3
6 1458 1
12 1459 1
13 1459 1
40 1460 3
29 1461 2
0 1462 2
13 1463 1
44 1464 3
22 1465 1
44 1466 4
46 1467 4
2 1468 1
14 1469 2
42 1470 2
30 1471 1
21 1472 1
41 1473 2
42 1473 2
43 1473 3
44 1473 2
29 1474 4
31 1474 3
33 1474 5
34 1474 8
31 1475 2
32 1475 2
33 1476 2
46 1477 2
42 1478 2
45 1478 2
43 1479 2
33 1480 2
35 1480 3
43 1481 3
44 1481 4
29 1482 3
31 1482 3
34 1482 2
2 1483 1
3 1483 1
4 1483 1
31 1484 2
36 1485 2
6 1486 1
8 1487 2
9 1487 2
36 1488 2
21 1489 1
35 1490 4
37 1490 2
38 1490 8
39 1490 4
40 1490 6
39 1491 2
21 1492 1
40 1493 2
10 1494 1
32 1495 2
43 1496 2
10 1497 5
11 1497 2
35 1498 2
32 1499 1
44 1500 3
34 1501 3
44 1502 3
46 1503 2
12 1504 2
38 1505 2
29 1506 2
29 1507 4
30 1507 2
31 1507 6
32 1507 2
33 1507 3
34 1507 4
25 1508 1
45 1509 3
3 1510 1
8 1511 1
14 1512 1
43 1513 5
14 1514 1
27 1515 1
22 1516 1
42 1517 2
10 1518 1
36 1519 1
39 1520 2
36 1521 2
37 1521 3
38 1521 3
13 1522 2
14 1522 3
38 1523 3
40 1524 3
26 1525 1
22 1526 1
13 1527 2
22 1528 1
42 1529 2
43 1529 3
35 1530 2
46 1531 3
7 1532 1
21 1533 1
37 1534 2
8 1535 1
9 1535 4
11 1535 1
29 1536 1
35 1537 3
4 1538 1
34 1539 2
40 1540 2
42 1541 2
34 1542 2
13 1543 1
7 1544 1
8 1544 2
9 1544 3
38 1545 2
35 1546 2
38 1546 2
44 1547 2
17 1548 2
21 1549 1
39 1550 2
41 1551 1
45 1552 2
13 1553 1
33 1554 1
40 1555 2
25 1556 3
26 1556 2
1 1557 2
3 1558 1
5 1559 1
31 1560 2
32 1560 3
30 1561 1
44 1562 2
6 1563 2
44 1564 3
20 1565 1
35 1566 4
38 1566 3
39 1566 2
44 1567 2
37 1568 2
35 1569 2
40 1570 2
17 1571 1
9 1572 2
10 1572 4
41 1573 2
9 1574 1
10 1574 1
19 1575 1
22 1576 1
30 1577 1
3 1578 1
33 1579 2
35 1580 2
18 1581 1
5 1582 1
36 1583 2
21 1584 1
31 1585 1
29 1586 3
31 1586 2
45 1587 4
37 1588 2
20 1589 1
29 1590 1
30 1591 1
25 1592 1
41 1593 1
21 1594 1
16 1595 1
39 1596 2
34 1597 2
31 1598 1
8 1599 1
11 1600 2
4 1601 2
1 1602 1
4 1602 2
22 1603 1
27 1604 1
12 1605 1
47 1606 1
16 1607 1
18 1607 1
31 1608 1
17 1609 1
16 1610 1
11 1611 2
23 1612 1
40 1613 2
40 1614 3
23 1615 2
23 1616 1
24 1616 1
25 1616 1
42 1617 2
44 1617 3
33 1618 2
39 1618 2
47 1619 1
28 1620 2
30 1620 2
31 1621 3
32 1621 2
33 1621 2
34 1622 6
35 1622 4
37 1622 5
37 1623 2
45 1624 2
47 1625 1
33 1626 2
5 1627 1
3 1628 2
12 1629 1
40 1630 2
40 1631 3
34 1632 2
37 1633 2
34 1634 3
35 1634 2
13 1635 1
38 1636 2
