# 2015 86 0
# 2016 52 1
# 2017 93 2
# 2018 109 3
# 2019 71 4
# 2020 118 5
# 2021 76 6
# 2022 105 7
# 2023 97 8
# 2024 193 9
9 0 2
6 1 1
2 2 2
0 3 1
8 4 2
8 5 1
1 6 2
3 7 2
4 8 2
0 9 1
7 10 2
8 11 1
6 12 1
8 13 1
6 14 2
1 15 1
1 16 2
9 17 5
8 18 2
4 19 2
5 20 2
8 21 1
2 22 1
9 23 2
0 24 2
3 24 4
3 25 2
9 26 2
2 27 2
8 28 1
2 29 3
9 30 3
4 31 2
1 32 1
8 33 1
8 34 3
9 35 5
9 36 2
9 37 2
1 38 1
9 39 2
1 40 1
3 41 3
4 42 1
7 43 2
1 44 2
2 44 2
7 45 2
1 46 1
0 47 2
5 48 2
9 49 3
9 50 2
6 51 2
5 52 2
6 53 1
0 54 1
5 55 2
9 56 2
3 57 3
0 58 1
4 59 2
6 60 2
8 60 4
8 61 1
4 62 2
5 62 2
4 63 1
7 64 2
9 65 2
5 66 2
8 67 1
7 68 2
8 69 2
9 69 2
0 70 1
8 71 1
1 72 1
4 73 2
0 74 2
1 75 1
4 76 1
2 77 2
4 78 2
5 79 2
7 80 2
7 81 2
3 82 2
7 83 2
7 84 2
0 85 1
7 86 2
7 87 2
7 88 2
2 89 2
3 90 2
5 91 3
8 92 2
0 93 2
2 94 2
0 95 9
0 96 1
4 97 1
5 98 2
6 99 1
8 100 1
7 101 2
6 102 1
2 103 2
7 104 2
7 105 2
6 106 2
5 107 2
6 107 2
4 108 1
3 109 2
3 110 2
8 111 2
0 112 1
1 112 1
6 113 1
8 114 2
2 115 2
3 116 2
5 117 2
4 118 1
2 119 1
7 120 2
8 121 1
9 122 3
5 123 2
1 124 2
9 125 2
7 126 2
9 127 4
0 128 1
4 129 2
9 130 4
5 131 2
9 132 3
3 133 1
5 134 2
9 135 2
7 136 2
8 137 1
0 138 1
4 139 1
4 140 1
9 141 8
7 142 2
9 143 2
2 144 2
7 145 2
6 146 1
2 147 2
3 147 4
4 147 3
5 147 2
3 148 2
8 149 1
0 150 1
8 151 2
9 152 2
0 153 1
9 154 3
1 155 1
3 156 1
9 157 3
2 158 2
3 159 3
4 160 2
6 161 2
7 162 2
2 163 1
5 164 2
3 165 1
8 166 1
5 167 2
5 168 2
9 169 2
9 170 3
9 171 2
6 172 2
4 173 1
0 174 1
6 175 1
0 176 1
1 177 1
2 177 2
3 177 2
1 178 1
7 179 2
9 180 2
2 181 2
4 182 1
1 183 1
5 184 2
4 185 2
3 186 1
5 187 2
9 188 4
6 189 1
7 190 2
9 191 3
1 192 3
2 192 4
3 192 4
4 192 3
2 193 3
3 193 2
4 194 1
4 195 1
5 196 2
0 197 1
5 198 2
5 199 2
6 200 2
2 201 2
6 202 2
3 203 1
0 204 1
9 205 2
9 206 3
1 207 1
5 208 2
4 209 2
5 210 2
7 211 2
9 211 2
5 212 2
0 213 2
4 214 1
2 215 2
8 216 2
2 217 2
6 218 2
7 218 2
2 219 2
6 220 2
5 221 2
3 222 2
6 223 1
5 224 2
1 225 1
2 226 2
3 227 1
0 228 2
8 229 3
9 229 2
7 230 2
1 231 1
5 232 2
6 233 1
8 234 2
3 235 2
4 236 1
2 237 1
3 238 4
4 238 4
5 238 6
3 239 1
5 240 2
6 241 2
7 242 2
9 243 2
2 244 2
8 245 4
9 245 2
6 246 2
2 247 2
0 248 2
4 248 2
9 249 2
6 250 2
6 251 1
6 252 1
7 253 2
2 254 2
9 255 3
2 256 1
0 257 2
4 258 1
0 259 1
5 260 2
5 261 2
3 262 2
0 263 2
1 263 1
9 264 3
7 265 2
2 266 1
3 267 4
1 268 1
2 269 1
5 270 2
7 271 2
8 272 2
4 273 1
9 274 2
5 275 2
6 276 4
7 277 2
9 278 2
7 279 2
3 280 2
1 281 1
8 282 1
0 283 2
0 284 1
9 285 4
9 286 2
3 287 2
2 288 2
9 289 3
9 290 2
6 291 2
9 292 2
7 293 3
2 294 2
6 295 1
1 296 1
7 297 2
7 298 2
1 299 2
3 300 2
3 301 1
0 302 6
3 303 2
9 304 3
5 305 3
6 306 2
9 307 3
7 308 2
8 309 4
5 310 2
4 311 2
5 311 2
4 312 1
9 313 3
9 314 2
0 315 2
2 316 2
7 317 2
2 318 2
0 319 1
8 320 2
2 321 2
3 321 2
2 322 2
5 323 2
5 324 2
2 325 1
7 326 2
0 327 2
2 327 2
7 328 2
4 329 2
9 330 8
7 331 2
9 331 3
8 332 2
8 333 2
1 334 1
8 335 2
2 336 2
7 337 2
9 338 2
5 339 2
6 339 3
7 340 2
8 341 2
8 342 2
8 343 1
7 344 2
0 345 2
3 345 2
0 346 2
3 347 2
5 347 3
2 348 1
3 349 2
6 350 2
8 351 2
9 351 2
0 352 3
4 353 1
3 354 2
1 355 2
3 356 2
8 357 2
9 357 2
6 358 2
8 358 6
9 358 7
7 359 2
2 360 1
7 361 2
0 362 4
1 362 4
2 362 5
3 362 6
4 362 5
3 363 1
8 363 2
3 364 1
1 365 1
0 366 1
9 367 2
5 368 2
9 369 3
3 370 2
4 370 2
5 371 4
6 371 3
7 371 4
5 372 2
5 373 2
0 374 3
1 374 2
3 375 1
7 376 2
3 377 1
4 377 1
6 378 1
8 379 4
9 379 5
9 380 2
9 381 3
4 382 3
5 382 3
6 382 3
4 383 1
2 384 2
5 385 2
0 386 3
6 387 2
1 388 1
5 389 2
0 390 2
1 391 2
9 392 3
6 393 3
1 394 1
3 395 2
9 396 2
9 397 3
0 398 2
6 399 2
2 400 2
4 401 2
8 402 3
5 403 2
0 404 2
1 404 3
2 404 3
1 405 2
0 406 1
3 407 3
7 408 2
5 409 2
8 409 3
0 410 2
2 411 2
7 412 2
8 413 2
6 414 2
8 415 1
0 416 1
3 417 1
3 418 2
8 419 1
2 420 1
6 420 1
5 421 2
5 422 2
7 423 2
3 424 2
5 425 2
3 426 2
6 427 2
8 427 4
4 428 1
9 429 2
7 430 2
1 431 1
9 432 2
3 433 2
9 434 2
8 435 1
9 436 3
