# 1988 0 0
# 1989 0 1
# 1990 0 2
# 1991 0 3
# 1992 0 4
# 1993 0 5
# 1994 0 6
# 1995 0 7
# 1996 0 8
# 1997 0 9
# 1998 0 10
# 1999 0 11
# 2000 0 12
# 2001 0 13
# 2002 0 14
# 2003 0 15
# 2004 0 16
# 2005 0 17
# 2006 0 18
# 2007 0 19
# 2008 0 20
# 2009 0 21
# 2010 0 22
# 2011 0 23
# 2012 0 24
# 2013 0 25
# 2014 41 26
# 2015 61 27
# 2016 49 28
# 2017 71 29
# 2018 45 30
# 2019 39 31
# 2020 100 32
# 2021 52 33
# 2022 41 34
# 2023 79 35
# 2024 32 36
# 2025 0 37
33 0 1
29 1 2
31 2 1
33 3 1
36 4 1
27 5 1
26 6 1
26 7 1
27 8 2
35 9 2
32 10 1
31 11 1
28 12 2
35 13 1
29 14 3
33 15 2
28 16 2
33 17 2
26 18 1
29 19 1
27 20 2
28 21 2
33 22 1
26 23 1
31 24 1
26 25 1
36 26 1
31 27 2
35 28 1
28 29 1
29 30 1
32 30 2
35 31 2
31 32 1
32 33 2
28 34 1
29 34 1
34 35 1
32 36 2
27 37 2
33 38 2
34 39 4
32 40 2
32 41 1
35 42 3
27 43 1
35 44 1
27 45 1
34 46 1
26 47 1
26 48 1
29 49 1
34 50 1
26 51 1
32 52 2
33 53 1
28 54 1
35 55 3
29 56 1
34 57 2
36 58 1
34 59 1
29 60 1
32 61 1
35 62 1
27 63 2
30 64 1
33 65 1
29 66 1
31 67 2
26 68 2
34 69 1
32 70 2
32 71 1
35 72 3
28 73 1
36 74 1
26 75 1
33 76 1
32 77 2
35 78 1
28 79 1
28 80 2
32 81 4
31 82 2
31 83 2
35 84 1
36 85 1
28 86 2
30 86 1
30 87 1
30 88 1
30 89 2
30 90 1
28 91 1
36 92 1
30 93 2
27 94 2
26 95 1
32 96 2
32 97 3
32 98 1
35 99 2
29 100 1
31 100 1
28 101 1
32 102 2
29 103 2
30 104 2
33 105 1
26 106 2
28 107 1
36 108 1
33 109 1
32 110 1
32 111 2
26 112 1
33 113 1
30 114 2
34 115 1
36 116 1
27 117 1
29 118 2
26 119 1
27 120 2
32 121 3
30 122 2
30 123 3
26 124 1
27 125 1
32 126 2
35 127 2
33 128 1
34 128 1
30 129 1
36 130 2
26 131 1
29 132 1
29 133 1
30 134 1
35 135 1
31 136 1
27 137 1
30 138 1
34 139 1
32 140 7
27 141 1
29 142 1
26 143 1
33 144 1
29 145 1
30 146 1
26 147 2
33 148 2
28 149 1
27 150 2
27 151 1
30 152 1
27 153 3
32 154 2
34 155 1
32 156 1
36 157 1
32 158 2
34 159 2
28 160 2
29 160 2
30 161 1
29 162 3
29 163 2
31 164 2
32 164 2
35 165 1
31 166 1
31 167 1
31 168 1
36 169 1
35 170 1
26 171 1
34 172 2
33 173 2
35 174 1
33 175 1
29 176 2
31 176 2
36 177 1
32 178 2
34 179 1
28 180 2
33 181 1
31 182 1
34 183 2
35 184 4
35 185 2
36 186 1
34 187 1
36 187 1
34 188 1
28 189 2
29 190 2
26 191 2
36 192 1
35 193 1
35 194 1
26 195 2
34 196 1
35 197 1
36 198 2
34 199 1
35 200 1
32 201 3
35 202 1
32 203 1
30 204 1
32 204 1
30 205 1
30 206 1
35 207 2
32 208 3
27 209 2
32 210 1
32 211 2
33 212 1
29 213 1
31 214 1
31 215 1
35 216 3
35 217 1
27 218 1
29 219 1
32 220 2
27 221 2
28 222 1
32 222 1
29 223 2
36 224 1
28 225 1
28 226 1
32 227 1
28 228 2
29 228 2
26 229 1
28 230 1
27 231 2
28 232 2
29 233 1
36 234 1
27 235 1
27 236 1
30 237 1
28 238 1
27 239 1
36 240 1
36 241 1
29 242 1
26 243 1
35 244 2
26 245 1
27 245 3
30 246 1
29 247 1
30 248 2
30 249 1
34 250 2
26 251 1
31 252 1
30 253 2
30 254 2
32 255 2
34 256 1
30 257 1
26 258 1
31 259 1
34 260 1
27 261 3
29 262 1
28 263 1
32 264 3
29 265 2
26 266 4
27 266 3
34 267 1
36 268 1
31 269 1
27 270 2
35 271 1
27 272 1
30 273 1
33 274 1
31 275 1
26 276 1
26 277 1
32 278 2
36 279 1
31 280 1
28 281 2
31 282 1
35 283 1
28 284 1
31 285 1
35 286 4
31 287 3
32 288 2
32 289 2
34 290 1
30 291 2
29 292 2
35 293 1
29 294 2
30 295 1
29 296 2
33 297 2
32 298 2
35 298 6
33 299 1
31 300 1
28 301 1
33 302 2
34 303 1
35 304 2
27 305 1
29 306 2
35 307 2
32 308 3
30 309 1
35 310 2
27 311 1
32 312 2
35 313 2
27 314 1
32 315 2
32 316 1
28 317 2
33 318 1
36 319 1
29 320 7
32 321 3
34 322 1
35 322 1
33 323 1
34 324 1
27 325 2
33 326 2
29 327 1
33 328 2
26 329 1
29 330 1
33 331 2
32 332 2
36 333 2
26 334 1
27 335 1
31 336 1
29 337 2
33 338 3
36 339 2
31 340 1
33 341 1
34 342 1
27 343 2
27 344 1
29 345 1
27 346 1
27 347 1
32 348 2
29 349 2
29 350 3
27 351 1
28 352 1
34 353 2
28 354 2
28 355 1
27 356 2
28 357 1
36 358 1
31 359 1
35 360 2
34 361 1
33 362 2
31 363 1
32 364 1
28 365 1
35 366 1
26 367 2
33 368 1
36 369 1
33 370 2
28 371 2
34 372 1
36 372 1
30 373 1
33 374 1
29 375 2
35 376 1
33 377 2
35 378 2
34 379 1
30 380 2
32 381 2
33 382 2
35 383 2
35 384 3
